1.3810678278524007e-10	0.8289593815518483
2.7894680928689246e-10	0.8327985847727144
3.08283901313868e-10	0.8333633636667458
3.407064022429891e-10	0.8339285255767969
3.765388073611357e-10	0.8344940707626175
4.161397394224149e-10	0.8350599994841338
4.5990553786523166e-10	0.8356263120014482
5.082742255105933e-10	0.8361930085748394
5.6172989244173e-10	0.8367600894647625
6.208075409403624e-10	0.8373275549318496
6.860984399693441e-10	0.8378954052369092
7.582560427911907e-10	0.8384636406409268
8.380025269479489e-10	0.839032261405065
9.261360220567754e-10	0.8396012677906635
1.0235385977594162e-9	0.8401706600592389
1.1311850917716326e-9	0.8407404384724856
1.2501528663867426e-9	0.8413106032922751
1.3816325910795407e-9	0.8418811547806568
1.5269401591266087e-9	0.8424520931998577
1.6875298575085319e-9	0.8430234188122826
1.865008921902767e-9	0.8435951318805142
2.061153622438558e-9	0.8441672326673134
2.277927041205371e-9	0.8447397214356193
2.517498719438278e-9	0.845312598448549
2.782266371015873e-9	0.8458858639693987
3.074879879586606e-9	0.8464595182616425
3.398267819495071e-9	0.8470335615889334
3.7556667659383025e-9	0.8476079942151035
4.1506536876982236e-9	0.8481828164041632
4.587181746647525e-9	0.8487580284203026
5.069619862322287e-9	0.8493336305278906
5.602796437537268e-9	0.8499096229914754
6.1920476826640385e-9	0.8504860060757847
6.843271022217988e-9	0.8510627800457258
7.56298411826514e-9	0.8516399451663854
8.358390101374608e-9	0.8522175017030301
9.237449661970594e-9	0.8527954499211067
1.0208960723597638e-8	0.8533737900862414
1.1282646495496604e-8	0.853952522464241
1.2469252785750989e-8	0.8545316473210925
1.3780655548945718e-8	0.8551111649229632
1.522997974471263e-8	0.855691075536201
1.6831730696737596e-8	0.8562713794273342
1.860193926691551e-8	0.8568520768630722
2.0558322297604485e-8	0.8574331681103049
2.2720459927738556e-8	0.8580146534361034
2.510999155743982e-8	0.8585965331077201
2.7750832422407563e-8	0.8591788073925882
3.066941294563555e-8	0.8597614765583227
3.389494326196924e-8	0.8603445408727198
3.745970556295245e-8	0.8609280006037575
4.139937718785167e-8	0.8615118560195953
4.5753387694458114e-8	0.8620961073885748
5.05653134833552e-8	0.8626807549792195
5.588331392518268e-8	0.8632657990602349
6.176061335580363e-8	0.8638512399005089
6.82560337633487e-8	0.8644370777691117
7.543458349844258e-8	0.8650233129352958
8.336810789962771e-8	0.8656099456684966
9.213600834566135e-8	0.8661969762383319
1.0182603693119986e-7	0.8667844049146027
1.1253517471925912e-7	0.8673722319672926
1.243706023602872e-7	0.8679604576665687
1.374507727921396e-7	0.8685490822827808
1.519065967568964e-7	0.8691381060864627
1.6788275299956632e-7	0.869727529348331
1.8553913626159784e-7	0.8703173523392862
2.0505245756119304e-7	0.8709075753304127
2.26618012776571e-7	0.8714981985929786
2.504516372327622e-7	0.8720892223984357
2.767918658540807e-7	0.8726806470184202
3.059023205018258e-7	0.8732724727247525
3.380743483904743e-7	0.8738646997894373
3.73629937988526e-7	0.8744573284846635
4.129249415873272e-7	0.875050359082805
4.563526367903994e-7	0.8756437918564203
5.04347662567888e-7	0.8762376270782526
5.573903692694606e-7	0.8768318650212301
6.160116261320527e-7	0.8774265059584662
6.807981343976342e-7	0.8780215501632594
7.523982992164213e-7	0.8786169979090938
8.315287191035679e-7	0.8792128494696384
9.189813578979571e-7	0.8798091051187485
1.015631471002492e-6	0.8804057651304648
1.1224463652343442e-6	0.8810028297790135
1.2404950799567134e-6	0.8816002993388073
1.3709590863840845e-6	0.8821981740844449
1.515144112143249e-6	0.882796454290711
1.674493209434269e-6	0.8833951402325767
1.8506011975819082e-6	0.8839942321851998
2.0452306245234897e-6	0.8845937304239245
2.2603294069810542e-6	0.8851936352242818
2.498050325866635e-6	0.8857939468619895
2.7607725720372037e-6	0.8863946656129524
3.0511255580364225e-6	0.8869957917532627
3.3720152341391845e-6	0.8875973255591991
3.726653172078671e-6	0.8881992673072286
4.118588707535715e-6	0.888801617274005
4.55174446308324e-6	0.8894043757363699
5.030455607111448e-6	0.8900075429713529
5.559513241650146e-6	0.890611119256171
6.14421235332821e-6	0.8912151048682296
6.790404807379483e-6	0.8918195000851222
7.504557915076872e-6	0.8924243051846303
8.29381916075737e-6	0.8930295204447241
9.166087736247617e-6	0.8936351461435619
0.00001013009359863071	0.894241182559491
0.00001119548484259096	0.8948476299710475
0.000012372924261788243	0.895454488656956
0.000013674196065680964	0.8960617588961305
0.000015112323819855033	0.8966694409676739
0.00001670170079024566	0.8972775351508787
0.000018458233995780592	0.8978860417252265
0.00002039950341117196	0.8984949609703884
0.00002254493791321221	0.8991042931662255
0.000024916009731503204	0.8997140385927885
0.000027536449349747158	0.900324197530318
0.00003043248300840368	0.9009347702592445
0.00003363309518571903	0.901545757060189
0.000037170318684126734	0.9021571582139627
0.000041079555225300724	0.9027689740015672
0.000045399929762484854	0.9033812047041945
0.00005017468205617537	0.9039938506032276
0.00005545159943217704	0.9046069119802401
0.00006128349505322213	0.9052203891169968
0.0000677287364908539	0.9058342822954532
0.0000748518298877006	0.9064485917977564
0.00008272406555663238	0.9070633179062446
0.00009142423147817343	0.9076784609034476
0.00010103940183709342	0.9082940210720867
0.00011166580849011478	0.9089099986950752
0.00012340980408667956	0.9095263940555177
0.00013638892648201164	0.9101432074367114
0.00015073307509547677	0.9107604391221454
0.00016658581098763354	0.9113780893955009
0.0001841057936675792	0.9119961585406516
0.00020346836901064417	0.9126146468416638
0.0002248673241788486	0.9132335545827963
0.0002485168271079523	0.9138528820485009
0.00027465356997214254	0.914472629523422
0.0003035391380788668	0.9150927972923971
0.00033546262790251185	0.9157133856404572
0.0003707435404590889	0.9163343948528263
0.00040973497897978713	0.9169558252149217
0.0004528271828867974	0.9175776770123546
0.0005004514334406108	0.9181999505309297
0.0005530843701478336	0.9188226460566457
0.0006112527611295734	0.9194457638756949
0.0006755387751938449	0.920069304274464
0.0007465858083766799	0.9206932675395338
0.0008251049232659046	0.9213176539576796
0.0009118819655545162	0.921942463815871
0.0010077854290485122	0.9225676974012722
0.0011137751478448043	0.9231933550012422
0.001230911902673482	0.923819436903335
0.0013603680375478939	0.9244459433952995
0.0015034391929775724	0.9250728747650797
0.001661557273173937	0.925700231300815
0.0018363047770289089	0.92632801329084
0.0020294306362957358	0.9269562210236851
0.0022428677194858034	0.9275848547880763
0.0024787521766663585	0.9282139148729351
0.002739444818768373	0.9288434015673794
0.0030275547453758127	0.929473315160723
0.003345965457471275	0.9301036559424756
0.0036978637164829385	0.9307344242023438
0.004086771438464067	0.9313656202302301
0.004516580942612675	0.9319972443162341
0.004991593906910213	0.9326292967506518
0.005516564420760777	0.9332617778239761
0.006096746565515649	0.9338946878268972
0.006737946999085467	0.9345280270503021
0.007446583070924351	0.9351617957852753
0.008229747049020023	0.9357959943230982
0.009095277101695824	0.9364306229552507
0.010051835744633603	0.9370656819734094
0.011108996538242306	0.9377011716694494
0.012277339903068459	0.9383370923354433
0.013568559012200922	0.9389734442636618
0.014995576820477717	0.9396102277465742
0.016572675401761282	0.9402474430768477
0.01831563888873418	0.9408850905473483
0.020241911445804416	0.9415231704511403
0.02237077185616558	0.9421616830814871
0.02472352647033941	0.9428006287318508
0.027323722447292618	0.9434400076958923
0.0301973834223185	0.9440798202674721
0.03337326996032613	0.9447200667406496
0.03688316740123998	0.9453607474096839
0.040762203978366246	0.9460018625690336
0.045049202393557905	0.9466434125133567
0.049787068367863944	0.9472853975375115
0.05502322005640731	0.9479278179365559
0.06081006262521814	0.9485706740057481
0.06720551273974981	0.9492139660405463
0.07427357821433404	0.9498576943366095
0.0820849986238988	0.9505018591897967
0.09071795328941264	0.9511464608961678
0.10025884372280403	0.9517914997519836
0.11080315836233397	0.9524369760537056
0.12245642825298217	0.9530828900979964
0.1353352832366127	0.9537292421817197
0.14956861922263526	0.9543760326019409
0.165298888221587	0.9550232616559265
0.18268352405273477	0.9556709296411446
0.20189651799465583	0.9563190368552653
0.22313016014842982	0.9569675835961603
0.24659696394160682	0.9576165701619033
0.27253179303401337	0.9582659968507704
0.3011942119122023	0.9589158639612398
0.3328710836980803	0.9595661717919921
0.36787944117144233	0.9602169206419107
0.40656965974059966	0.9608681108100812
0.4493289641172229	0.9615197425957925
0.49658530379140986	0.9621718162985364
0.5488116360940276	0.9628243322180076
0.6065306597126334	0.963477290654104
0.6703200460356402	0.9641306919069274
0.74081822068172	0.9647845362767824
0.8187307530779825	0.9654388240641778
0.9048374180359615	0.966093555569826
1.	0.9667487310946432
1.1051709180756493	0.9674043509397501
1.2214027581601734	0.968060415406471
1.349858807576004	0.9687169247963351
1.4918246976412735	0.9693738794110758
1.6487212707001282	0.9700312795526311
1.8221188003905116	0.970689125523144
2.0137527074704824	0.9713474176249622
2.225540928492469	0.9720061561606386
2.4596031111569547	0.9726653414329309
2.718281828459045	0.9733249737448026
