1.	0.04427219460288545
1.1	0.04437609316630668
1.2	0.04443751789552454
1.3	0.04445921341929546
1.4	0.04444380931194052
1.5	0.044393824040298215
1.6	0.04431166847191973
1.7	0.04419964903087345
1.8	0.04405997057344806
1.9	0.043894739042886974
2.	0.043705963950830456
2.1	0.043495560723890506
2.2	0.043265352946904985
2.3	0.04301707452974988
2.4	0.0427523718217073
2.5	0.04247280569570569
2.6	0.042179853623635716
2.7	0.041874911762825796
2.8	0.041559297072198034
2.9	0.04123424947435788
3.	0.0409009340768275
3.1	0.04056044346190272
3.2	0.04021380005040793
3.3	0.03986195854022286
3.4	0.03950580841615692
3.5	0.039146176523823926
3.6	0.03878382969684038
3.7	0.038419477424077926
3.8	0.03805377454191616
3.9	0.03768732393546321
4.	0.03732067923248127
5.	0.03373532717266871
6.	0.03046836695440184
7.	0.02760920788789883
8.	0.025145752902153384
9.	0.023030829639397635
10.	0.021210935045336454
11.	0.019636948876872763
12.	0.018267130019043662
13.	0.01706713482884229
14.	0.016009062242638806
15.	0.01507031526553453
16.	0.014232558690378526
17.	0.013480849048144653
18.	0.012802936790789237
19.	0.012188716485991897
20.	0.011629796581051368
21.	0.011119163052388874
22.	0.010650915834397721
23.	0.010220061404842929
24.	0.0098223486983382
25.	0.009454138537498049
26.	0.009112299101331123
27.	0.008794121723169604
28.	0.008497252650654905
29.	0.008219637411922543
30.	0.007959475196682777
31.	0.007715181240472846
32.	0.007485355641529401
33.	0.0072687573771613445
34.	0.007064282545929943
35.	0.006870946062475217
36.	0.006687866187686333
37.	0.006514251398715627
38.	0.00634938919903954
39.	0.00619263654436809
40.	0.0060434116202321975
41.	0.005901186754984045
42.	0.005765482290365667
43.	0.005635861262760352
44.	0.005511924773304176
45.	0.00539330794541458
46.	0.0052796763849358936
47.	0.005170723071749766
48.	0.0050661656229353935
49.	0.004965743876852233
50.	0.004869217755223182
51.	0.004776365366711901
52.	0.004686981320848373
53.	0.004600875225650728
54.	0.004517870346071035
55.	0.004437802403581741
56.	0.004360518499918243
57.	0.004285876150283678
58.	0.004213742413271817
59.	0.00414399310642807
60.	0.004076512097792799
61.	0.0040111906649931365
62.	0.003947926914500516
63.	0.003886625254577437
64.	0.0038271959162202076
65.	0.0037695545170828974
66.	0.003713621663956725
67.	0.003659322589891557
68.	0.003606586822492947
69.	0.0035553478803184097
70.	0.00350554299463824
71.	0.003457112854125763
72.	0.0034100013703051053
73.	0.0033641554618162603
74.	0.0033195248557614876
75.	0.0032760619045775186
76.	0.0032337214170376567
77.	0.003192460502129326
78.	0.003152238424678159
79.	0.0031130164717013227
80.	0.003074757828572133
81.	0.0030374274641665946
82.	0.003000992024241593
83.	0.0029654197323651698
84.	0.002930680297782634
85.	0.0028967448296590135
86.	0.0028635857571893022
87.	0.0028311767551137393
88.	0.00279949267421659
89.	0.0027685094764240002
90.	0.002738204174150012
91.	0.0027085547735700597
92.	0.0026795402215286316
93.	0.0026511403558125146
94.	0.0026233358585434955
95.	0.0025961082124647144
96.	0.0025694396599133585
97.	0.0025433131642891684
98.	0.002517712373843508
99.	0.0024926215876276644
100.	0.0024680257234517377
101.	0.0024439102877170335
102.	0.0024202613469954727
103.	0.0023970655012391646
104.	0.0023743098585121535
105.	0.0023519820111444364
106.	0.002330070013215763
107.	0.002308562359283553
108.	0.0022874479642754865
109.	0.002266716144473097
110.	0.0022463565995179406
111.	0.0022263593953767997
112.	0.0022067149482068297
113.	0.0021874140090656995
114.	0.002168447649415556
115.	0.0021498072473731702
116.	0.002131484474661848
117.	0.002113471284223693
118.	0.002095759898453571
119.	0.002078342798018689
120.	0.0020612127112300802
121.	0.002044362603934483
122.	0.0020277856698971294
123.	0.0020114753216478745
124.	0.001995425181764832
125.	0.0019796290745713215
126.	0.001964081018223455
127.	0.0019487752171670914
128.	0.0019337060549442008
129.	0.0019188680873299159
130.	0.001904256035782666
131.	0.0018898647811908687
132.	0.0018756893579006324
133.	0.0018617249480098509
134.	0.0018479668759149377
135.	0.001834410603097244
136.	0.0018210517231369663
137.	0.001807885956943048
138.	0.001794909148188242
139.	0.0017821172589391134
140.	0.0017695063654713436
141.	0.0017570726542612347
142.	0.0017448124181448207
143.	0.00173272205263647
144.	0.0017207980523993045
145.	0.0017090370078601863
146.	0.0016974356019624106
147.	0.001685990607049613
148.	0.0016746988818747521
149.	0.0016635573687283488
150.	0.0016525630906804706
151.	0.0016417131489312453
152.	0.00163100472026495
153.	0.0016204350546029879
154.	0.0016100014726512979
155.	0.0015997013636379752
156.	0.0015895321831370939
157.	0.0015794914509749236
158.	0.0015695767492149254
159.	0.0015597857202180893
160.	0.001550116064775351
161.	0.0015405655403089784
162.	0.00153113195913998
163.	0.0015218131868187208
164.	0.0015126071405160764
165.	0.001503511787472577
166.	0.0014945251435031187
167.	0.0014856452715549344
168.	0.0014768702803166227
169.	0.0014681983228761412
170.	0.0014596275954257614
171.	0.0014511563360120841
172.	0.0014427828233292929
173.	0.0014345053755539135
174.	0.001426322349219423
175.	0.0014182321381291266
176.	0.0014102331723057956
177.	0.001402323916976621
178.	0.0013945028715921094
179.	0.0013867685688776004
180.	0.001379119573916151
181.	0.001371554483261581
182.	0.0013640719240805303
183.	0.0013566705533224256
184.	0.001349349056916305
185.	0.0013421061489934897
186.	0.0013349405711351417
187.	0.001327851091643778
188.	0.0013208365048378598
189.	0.0013138956303686083
190.	0.0013070273125582322
191.	0.0013002304197587914
192.	0.0012935038437309472
193.	0.0012868464990418845
194.	0.00128025732248172
195.	0.0012737352724977366
196.	0.0012672793286458111
197.	0.0012608884910584324
198.	0.0012545617799287231
199.	0.0012482982350099105
200.	0.0012420969151297047
201.	0.001235956897719074
202.	0.0012298772783549189
203.	0.0012238571703161677
204.	0.001217895704152841
205.	0.0012119920272676407
206.	0.0012061453035096424
207.	0.0012003547127796869
208.	0.0011946194506470757
209.	0.0011889387279771981
210.	0.0011833117705697261
211.	0.0011777378188070292
212.	0.0011722161273124748
213.	0.001166745964618289
214.	0.0011613266128426712
215.	0.0011559573673758591
216.	0.001150637536574859
217.	0.0011453664414665604
218.	0.0011401434154589734
219.	0.001134967804060322
220.	0.0011298389646057544
221.	0.0011247562659914229
222.	0.0011197190884157087
223.	0.0011147268231273624
224.	0.001109778872180353
225.	0.0011048746481952096
226.	0.001100013574126663
227.	0.0010951950830373914
228.	0.0010904186178776812
229.	0.0010856836312708297
230.	0.0010809895853041093
231.	0.0010763359513251299
232.	0.001071722209743436
233.	0.0010671478498371829
234.	0.0010626123695647396
235.	0.0010581152753810752
236.	0.0010536560820587843
237.	0.001049234312513618
238.	0.001044849497634388
239.	0.0010405011761171147
240.	0.0010361888943032996
241.	0.0010319122060222
242.	0.001027670672436992
243.	0.0010234638618947106
244.	0.0010192913497798595
245.	0.0010151527183715836
246.	0.0010110475567043093
247.	0.0010069754604317476
248.	0.001002936031694171
249.	0.000998928878988871
250.	0.000994953617043706
251.	0.0009910098666936584
252.	0.0009870972547603102
253.	0.0009832154139341666
254.	0.00097936398265974
255.	0.0009755426050233256
256.	0.0009717509306433933
257.	0.0009679886145635231
258.	0.0009642553171478193
259.	0.0009605507039787331
260.	0.0009568744457572315
261.	0.0009532262182052491
262.	0.0009496057019703617
263.	0.0009460125825326237
264.	0.000942446550113512
265.	0.0009389072995869205
266.	0.0009353945303921521
267.	0.0009319079464488559
268.	0.0009284472560738592
269.	0.0009250121718998453
270.	0.0009216024107958284
271.	0.0009182176937893818
272.	0.0009148577459905715
273.	0.0009115222965175545
274.	0.0009082110784237975
275.	0.0009049238286268761
276.	0.0009016602878388133
277.	0.0008984202004979215
278.	0.0008952033147021054
279.	0.0008920093821435954
280.	0.00088883815804507
281.	0.0008856894010971372
282.	0.0008825628733971398
283.	0.0008794583403892505
284.	0.0008763755708058274
285.	0.0008733143366099987
286.	0.0008702744129394454
287.	0.0008672555780513539
288.	0.0008642576132685099
289.	0.000861280302926507
290.	0.0008583234343220413
291.	0.0008553867976622677
292.	0.0008524701860151924
293.	0.0008495733952610753
294.	0.0008466962240448212
295.	0.0008438384737293332
296.	0.0008409999483498092
297.	0.0008381804545689554
298.	0.0008353798016330994
299.	0.0008325978013291787
300.	0.0008298342679425857
301.	0.0008270890182158499
302.	0.0008243618713081367
303.	0.0008216526487555447
304.	0.0008189611744321836
305.	0.0008162872745120134
306.	0.0008136307774314298
307.	0.0008109915138525761
308.	0.0008083693166273687
309.	0.0008057640207622161
310.	0.0008031754633834185
311.	0.0008006034837032326
312.	0.0007980479229865858
313.	0.0007955086245184249
314.	0.0007929854335716876
315.	0.00079047819737588
316.	0.0007879867650862493
317.	0.0007855109877535363
318.	0.0007830507182942978
319.	0.0007806058114617833
320.	0.0007781761238173559
321.	0.0007757615137024463
322.	0.0007733618412110253
323.	0.0007709769681625868
324.	0.000768606758075629
325.	0.0007662510761416222
326.	0.0007639097891994554
327.	0.0007615827657103475
328.	0.0007592698757332183
329.	0.0007569709909005045
330.	0.0007546859843944149
331.	0.0007524147309236138
332.	0.0007501571067003244
333.	0.0007479129894178426
334.	0.0007456822582284537
335.	0.0007434647937217427
336.	0.0007412604779032904
337.	0.0007390691941737467
338.	0.0007368908273082758
339.	0.0007347252634363614
340.	0.0007325723900219681
341.	0.000730432095844051
342.	0.0007283042709774043
343.	0.0007261888067738453
344.	0.0007240855958437243
345.	0.0007219945320377548
346.	0.0007199155104291581
347.	0.0007178484272961155
348.	0.0007157931801045206
349.	0.0007137496674910291
350.	0.0007117177892463959
351.	0.0007096974462990978
352.	0.0007076885406992328
353.	0.0007056909756026933
354.	0.0007037046552556052
355.	0.0007017294849790304
356.	0.0006997653711539251
357.	0.0006978122212063506
358.	0.0006958699435929306
359.	0.0006939384477865507
360.	0.0006920176442622962
361.	0.0006901074444836212
362.	0.0006882077608887471
363.	0.0006863185068772855
364.	0.0006844395967970798
365.	0.0006825709459312624
366.	0.0006807124704855245
367.	0.000678864087575592
368.	0.0006770257152149049
369.	0.0006751972723024971
370.	0.0006733786786110715
371.	0.0006715698547752676
372.	0.0006697707222801171
373.	0.0006679812034496849
374.	0.0006662012214358921
375.	0.000664430700207516
376.	0.0006626695645393664
377.	0.0006609177400016327
378.	0.0006591751529493995
379.	0.0006574417305123282
380.	0.0006557174005845002
381.	0.0006540020918144202
382.	0.0006522957335951752
383.	0.0006505982560547477
384.	0.00064890959004648
385.	0.0006472296671396855
386.	0.0006455584196104067
387.	0.0006438957804323148
388.	0.0006422416832677507
389.	0.0006405960624589032
390.	0.0006389588530191217
391.	0.0006373299906243633
392.	0.000635709411604769
393.	0.0006340970529363691
394.	0.0006324928522329134
395.	0.0006308967477378263
396.	0.0006293086783162825
397.	0.0006277285834474021
398.	0.0006261564032165635
399.	0.0006245920783078315
400.	0.0006230355499964975
401.	0.0006214867601417326
402.	0.0006199456511793486
403.	0.0006184121661146672
404.	0.0006168862485154946
405.	0.0006153678425051996
406.	0.0006138568927558941
407.	0.0006123533444817133
408.	0.0006108571434321945
409.	0.0006093682358857535
410.	0.0006078865686432546
411.	0.0006064120890216761
412.	0.0006049447448478658
413.	0.0006034844844523885
414.	0.0006020312566634616
415.	0.0006005850108009779
416.	0.0005991456966706152
417.	0.0005977132645580297
418.	0.0005962876652231324
419.	0.0005948688498944475
420.	0.0005934567702635516
421.	0.0005920513784795909
422.	0.0005906526271438765
423.	0.0005892604693045568
424.	0.0005878748584513639
425.	0.0005864957485104349
426.	0.0005851230938392053
427.	0.0005837568492213744
428.	0.0005823969698619405
429.	0.0005810434113823062
430.	0.0005796961298154506
431.	0.0005783550816011694
432.	0.000577020223581381
433.	0.0005756915129954965
434.	0.0005743689074758546
435.	0.0005730523650432182
436.	0.0005717418441023344
437.	0.000570437303437553
438.	0.0005691387022085071
439.	0.0005678459999458508
440.	0.0005665591565470563
441.	0.0005652781322722666
442.	0.0005640028877402055
443.	0.0005627333839241423
444.	0.0005614695821479108
445.	0.0005602114440819821
446.	0.0005589589317395897
447.	0.000557712007472907
448.	0.0005564706339692753
449.	0.0005552347742474823
450.	0.0005540043916540901
451.	0.000552779449859812
452.	0.0005515599128559372
453.	0.0005503457449508019
454.	0.0005491369107663087
455.	0.0005479333752344901
456.	0.0005467351035941176
457.	0.0005455420613873556
458.	0.0005443542144564589
459.	0.0005431715289405123
460.	0.0005419939712722141
461.	0.0005408215081747
462.	0.0005396541066584093
463.	0.0005384917340179906
464.	0.0005373343578292479
465.	0.0005361819459461261
466.	0.0005350344664977345
467.	0.0005338918878854098
468.	0.000532754178779815
469.	0.0005316213081180767
470.	0.0005304932451009576
471.	0.0005293699591900663
472.	0.000528251420105101
473.	0.0005271375978211296
474.	0.0005260284625659028
475.	0.0005249239848172016
476.	0.0005238241353002183
477.	0.00052272888498497
478.	0.0005216382050837451
479.	0.0005205520670485806
480.	0.0005194704425687721
481.	0.0005183933035684137
482.	0.0005173206222039693
483.	0.0005162523708618733
484.	0.0005151885221561614
485.	0.0005141290489261307
486.	0.0005130739242340282
487.	0.0005120231213627677
488.	0.0005109766138136752
489.	0.0005099343753042618
490.	0.000508896379766023
491.	0.0005078626013422658
492.	0.000506833014385962
493.	0.0005058075934576269
494.	0.0005047863133232248
495.	0.0005037691489520984
496.	0.0005027560755149251
497.	0.0005017470683816956
498.	0.0005007421031197189
499.	0.0004997411554916501
500.	0.0004987442014535417
501.	0.000497751217152919
502.	0.0004967621789268772
503.	0.000495777063300203
504.	0.0004947958469835161
505.	0.0004938185068714352
506.	0.0004928450200407635
507.	0.0004918753637486975
508.	0.0004909095154310554
509.	0.0004899474527005269
510.	0.0004889891533449444
511.	0.0004880345953255725
512.	0.00048708375677541954
513.	0.0004861366159975675
514.	0.0004851931514635218
515.	0.0004842533418115804
516.	0.0004833171658452216
517.	0.00048238460253151034
518.	0.00048145563099952356
519.	0.0004805302305387929
520.	0.0004796083805977661
521.	0.00047869006078228533
522.	0.0004777752508540835
523.	0.00047686393072929773
524.	0.0004759560804769995
525.	0.00047505168031774175
526.	0.0004741507106221226
527.	0.0004732531519093653
528.	0.00047235898484591406
529.	0.00047146819024404605
530.	0.00047058074906049924
531.	0.000469696642395115
532.	0.0004688158514894968
533.	0.0004679383577256835
534.	0.0004670641426248374
535.	0.0004661931878459475
536.	0.00046532547518454676
537.	0.00046446098657144377
538.	0.00046359970407146864
539.	0.0004627416098822327
540.	0.0004618866863329021
541.	0.0004610349158829847
542.	0.00046018628112113084
543.	0.00045934076476394665
544.	0.00045849834965482105
545.	0.00045765901876276523
546.	0.00045682275518126514
547.	0.00045598954212714625
548.	0.00045515936293945096
549.	0.0004543322010783281
550.	0.0004535080401239345
551.	0.00045268686377534866
552.	0.00045186865584949593
553.	0.0004510534002800858
554.	0.00045024108111656
555.	0.0004494316825230525
556.	0.0004486251887773603
557.	0.000447821584269926
558.	0.0004470208535028301
559.	0.00044622298108879535
560.	0.0004454279517502006
561.	0.00044463575031810634
562.	0.0004438463617312895
563.	0.00044305977103528937
564.	0.000442275963381463
565.	0.00044149492402605116
566.	0.0004407166383292539
567.	0.0004399410917543156
568.	0.00043916826986662035
569.	0.0004383981583327963
570.	0.00043763074291982955
571.	0.00043686600949418723
572.	0.00043610394402095014
573.	0.000435344532562954
574.	0.0004345877612799401
575.	0.00043383361642771395
576.	0.00043308208435731405
577.	0.00043233315151418794
578.	0.00043158680443737747
579.	0.0004308430297587126
580.	0.0004301018142020129
581.	0.00042936314458229795
582.	0.00042862700780500545
583.	0.00042789339086521757
584.	0.0004271622808468951
585.	0.0004264336649221194
586.	0.0004257075303503424
587.	0.00042498386447764385
588.	0.0004242626547359962
589.	0.00042354388864253745
590.	0.0004228275537988506
591.	0.00042211363789025093
592.	0.0004214021286850804
593.	0.0004206930140340091
594.	0.0004199862818693438
595.	0.00041928192020434314
596.	0.00041857991713254046
597.	0.00041788026082707243
598.	0.00041718293954001533
599.	0.0004164879416017273
600.	0.0004157952554201974
601.	0.00041510486948040143
602.	0.0004144167723436634
603.	0.0004137309526470242
604.	0.000413047399102616
605.	0.00041236610049704314
606.	0.0004116870456907687
607.	0.00041101022361750755
608.	0.0004103356232836254
609.	0.00040966323376754324
610.	0.00040899304421914833
611.	0.0004083250438592103
612.	0.0004076592219788035
613.	0.00040699556793873467
614.	0.00040633407116897626
615.	0.00040567472116810523
616.	0.00040501750750274754
617.	0.00040436241980702775
618.	0.00040370944778202406
619.	0.0004030585811952286
620.	0.0004024098098800129
621.	0.0004017631237350987
622.	0.0004011185127240337
623.	0.00040047596687467225
624.	0.0003998354762786612
625.	0.00039919703109093056
626.	0.00039856062152918934
627.	0.0003979262378734256
628.	0.00039729387046541167
629.	0.0003966635097082144
630.	0.0003960351460657092
631.	0.0003954087700620995
632.	0.0003947843722814403
633.	0.00039416194336716647
634.	0.0003935414740216253
635.	0.0003929229550056137
636.	0.00039230637713791945
637.	0.0003916917312948671
638.	0.0003910790084098679
639.	0.00039046819947297404
640.	0.00038985929553043687
641.	0.00038925228768426967
642.	0.0003886471670918141
643.	0.0003880439249653108
644.	0.00038744255257147414
645.	0.00038684304123107064
646.	0.0003862453823185014
647.	0.00038564956726138886
648.	0.00038505558754016624
649.	0.00038446343468767223
650.	0.0003838731002887481
651.	0.00038328457597983946
652.	0.0003826978534486011
653.	0.00038211292443350575
654.	0.00038152978072345623
655.	0.0003809484141574014
656.	0.0003803688166239553
657.	0.00037979098006102005
658.	0.0003792148964554119
659.	0.00037864055784249113
660.	0.0003780679563057946
661.	0.0003774970839766723
662.	0.000376927933033927
663.	0.00037636049570345686
664.	0.0003757947642579016
665.	0.0003752307310162916
666.	0.0003746683883437007
667.	0.0003741077286509012
668.	0.0003735487443940228
669.	0.0003729914280742141
670.	0.0003724357722373073
671.	0.0003718817694734861
672.	0.00037132941241695594
673.	0.00037077869374561797
674.	0.00037022960618074516
675.	0.0003696821424866619
676.	0.0003691362954704261
677.	0.00036859205798151417
678.	0.0003680494229115088
679.	0.00036750838319378937
680.	0.0003669689318032254
681.	0.0003664310617558725
682.	0.00036589476610867077
683.	0.00036536003795914625
684.	0.00036482687044511476
685.	0.00036429525674438833
686.	0.0003637651900744842
687.	0.0003632366636923365
688.	0.0003627096708940103
689.	0.000362184205014418
690.	0.0003616602594270387
691.	0.0003611378275436392
692.	0.0003606169028139983
693.	0.0003600974787256327
694.	0.0003595795488035259
695.	0.00035906310660985903
696.	0.0003585481457437441
697.	0.0003580346598409596
698.	0.00035752264257368825
699.	0.00035701208765025725
700.	0.00035650298881488037
701.	0.0003559953398474026
702.	0.0003554891345630469
703.	0.0003549843668121627
704.	0.0003544810304799773
705.	0.0003539791194863486
706.	0.0003534786277855206
707.	0.0003529795493658805
708.	0.00035248187824971793
709.	0.00035198560849298644
710.	0.0003514907341850668
711.	0.00035099724944853244
712.	0.00035050514843891663
713.	0.0003500144253444818
714.	0.0003495250743859909
715.	0.0003490370898164804
716.	0.00034855046592103525
717.	0.0003480651970165659
718.	0.0003475812774515872
719.	0.0003470987016059988
720.	0.00034661746389086747
721.	0.00034613755874821187
722.	0.00034565898065078794
723.	0.00034518172410187727
724.	0.0003447057836350762
725.	0.0003442311538140875
726.	0.0003437578292325132
727.	0.0003432858045136492
728.	0.00034281507431028194
729.	0.0003423456333044864
730.	0.0003418774762074259
731.	0.00034141059775915326
732.	0.000340944992728414
733.	0.00034048065591245103
734.	0.00034001758213681073
735.	0.00033955576625515076
736.	0.00033909520314904937
737.	0.0003386358877278166
738.	0.0003381778149283063
739.	0.0003377209797147304
740.	0.0003372653770784743
741.	0.00033681100203791374
742.	0.0003363578496382333
743.	0.0003359059149512465
744.	0.0003354551930752167
745.	0.0003350056791346803
746.	0.00033455736828027084
747.	0.0003341102556885445
748.	0.00033366433656180724
749.	0.0003332196061279432
750.	0.00033277605964024436
751.	0.00033233369237724183
752.	0.0003318924996425382
753.	0.0003314524767646413
754.	0.0003310136190967996
755.	0.00033057592201683826
756.	0.0003301393809269972
757.	0.0003297039912537699
758.	0.00032926974844774376
759.	0.00032883664798344164
760.	0.00032840468535916473
761.	0.0003279738560968364
762.	0.0003275441557418477
763.	0.00032711557986290357
764.	0.00032668812405187077
765.	0.00032626178392362653
766.	0.00032583655511590884
767.	0.0003254124332891675
768.	0.0003249894141264163
769.	0.0003245674933330872
770.	0.0003241466666368844
771.	0.0003237269297876402
772.	0.00032330827855717235
773.	0.00032289070873914153
774.	0.00032247421614891095
775.	0.0003220587966234062
776.	0.00032164444602097677
777.	0.0003212311602212583
778.	0.00032081893512503617
779.	0.00032040776665410975
780.	0.000319997650751158
781.	0.00031958858337960617
782.	0.00031918056052349303
783.	0.0003187735781873399
784.	0.00031836763239601984
785.	0.00031796271919462847
786.	0.0003175588346483553
787.	0.0003171559748423567
788.	0.00031675413588162896
789.	0.00031635331389088297
790.	0.0003159535050144197
791.	0.00031555470541600643
792.	0.00031515691127875415
793.	0.00031476011880499576
794.	0.0003143643242161653
795.	0.0003139695237526778
796.	0.00031357571367381055
797.	0.0003131828902575847
798.	0.00031279104980064796
799.	0.0003124001886181587
800.	0.00031201030304366974
801.	0.00031162138942901436
802.	0.000311233444144192
803.	0.0003108464635772559
804.	0.0003104604441342002
805.	0.0003100753822388495
806.	0.00030969127433274794
807.	0.0003093081168750498
808.	0.0003089259063424104
809.	0.00030854463922887866
810.	0.00030816431204578926
811.	0.0003077849213216567
812.	0.0003074064636020695
813.	0.00030702893544958546
814.	0.0003066523334436273
815.	0.00030627665418037975
816.	0.00030590189427268685
817.	0.00030552805034994996
818.	0.00030515511905802704
819.	0.0003047830970591321
820.	0.0003044119810317357
821.	0.00030404176767046616
822.	0.00030367245368601134
823.	0.00030330403580502123
824.	0.00030293651077001137
825.	0.00030256987533926666
826.	0.0003022041262867461
827.	0.0003018392604019884
828.	0.0003014752744900177
829.	0.0003011121653712504
830.	0.00030074992988140284
831.	0.00030038856487139907
832.	0.0003000280672072798
833.	0.0002996684337701117
834.	0.00029930966145589737
835.	0.0002989517471754864
836.	0.0002985946878544862
837.	0.0002982384804331744
838.	0.00029788312186641126
839.	0.00029752860912355284
840.	0.00029717493918836503
841.	0.0002968221090589379
842.	0.0002964701157476007
843.	0.0002961189562808378
844.	0.0002957686276992045
845.	0.0002954191270572444
846.	0.00029507045142340656
847.	0.00029472259787996356
848.	0.0002943755635229302
849.	0.0002940293454619826
850.	0.000293683940820378
851.	0.0002933393467348753
852.	0.0002929955603556554
853.	0.00029265257884624314
854.	0.0002923103993834292
855.	0.00029196901915719254
856.	0.0002916284353706234
857.	0.0002912886452398471
858.	0.0002909496459939481
859.	0.0002906114348748948
860.	0.00029027400913746453
861.	0.00028993736604916937
862.	0.00028960150289018247
863.	0.0002892664169532648
864.	0.0002889321055436923
865.	0.0002885985659791837
866.	0.00028826579558982883
867.	0.0002879337917180172
868.	0.00028760255171836764
869.	0.00028727207295765753
870.	0.00028694235281475353
871.	0.0002866133886805419
872.	0.0002862851779578599
873.	0.00028595771806142725
874.	0.0002856310064177785
875.	0.0002853050404651954
876.	0.0002849798176536401
877.	0.00028465533544468855
878.	0.0002843315913114645
879.	0.0002840085827385739
880.	0.00028368630722203975
881.	0.00028336476226923746
882.	0.0002830439453988304
883.	0.0002827238541407064
884.	0.000282404486035914
885.	0.0002820858386365998
886.	0.00028176790950594553
887.	0.00028145069621810653
888.	0.00028113419635814935
889.	0.000280818407521991
890.	0.0002805033273163379
891.	0.00028018895335862534
892.	0.0002798752832769575
893.	0.00027956231471004797
894.	0.00027925004530716
895.	0.00027893847272804844
896.	0.00027862759464290034
897.	0.0002783174087322776
898.	0.0002780079126870591
899.	0.00027769910420838325
900.	0.0002773909810075911
901.	0.00027708354080617
902.	0.0002767767813356972
903.	0.00027647070033778436
904.	0.00027616529556402164
905.	0.00027586056477592314
906.	0.000275556505744872
907.	0.000275253116252066
908.	0.00027495039408846384
909.	0.00027464833705473113
910.	0.0002743469429611875
911.	0.00027404620962775354
912.	0.00027374613488389827
913.	0.0002734467165685868
914.	0.0002731479525302287
915.	0.00027284984062662606
916.	0.00027255237872492286
917.	0.00027225556470155364
918.	0.00027195939644219304
919.	0.00027166387184170577
920.	0.0002713689888040967
921.	0.0002710747452424611
922.	0.0002707811390789357
923.	0.00027048816824464954
924.	0.00027019583067967553
925.	0.000269904124332982
926.	0.00026961304716238514
927.	0.00026932259713450065
928.	0.00026903277222469716
929.	0.00026874357041704866
930.	0.00026845498970428787
931.	0.00026816702808775996
932.	0.0002678796835773763
933.	0.00026759295419156857
934.	0.0002673068379572433
935.	0.00026702133290973655
936.	0.000266736437092769
937.	0.0002664521485584012
938.	0.00026616846536698925
939.	0.00026588538558714055
940.	0.00026560290729567027
941.	0.00026532102857755737
942.	0.0002650397475259017
943.	0.00026475906224188075
944.	0.0002644789708347071
945.	0.0002641994714215859
946.	0.0002639205621276726
947.	0.00026364224108603115
948.	0.0002633645064375923
949.	0.00026308735633111214
950.	0.00026281078892313113
951.	0.00026253480237793306
952.	0.0002622593948675046
953.	0.0002619845645714947
954.	0.00026171030967717476
955.	0.00026143662837939857
956.	0.0002611635188805629
957.	0.0002608909793905678
958.	0.00026061900812677797
959.	0.00026034760331398354
960.	0.00026007676318436155
961.	0.00025980648597743745
962.	0.0002595367699400473
963.	0.0002592676133262995
964.	0.00025899901439753724
965.	0.00025873097142230114
966.	0.00025846348267629196
967.	0.00025819654644233364
968.	0.0002579301610103366
969.	0.00025766432467726116
970.	0.0002573990357470813
971.	0.00025713429253074855
972.	0.00025687009334615613
973.	0.0002566064365181035
974.	0.00025634332037826067
975.	0.00025608074326513314
976.	0.00025581870352402706
977.	0.0002555571995070143
978.	0.000255296229572898
979.	0.00025503579208717805
980.	0.0002547758854220172
981.	0.00025451650795620725
982.	0.00025425765807513483
983.	0.00025399933417074845
984.	0.00025374153464152477
985.	0.000253484257892436
986.	0.0002532275023349163
987.	0.0002529712663868299
988.	0.000252715548472438
989.	0.0002524603470223666
990.	0.0002522056604735747
991.	0.00025195148726932183
992.	0.0002516978258591369
993.	0.0002514446746987864
994.	0.000251192032250243
995.	0.0002509398969816546
996.	0.0002506882673673131
997.	0.00025043714188762405
998.	0.0002501865190290756
999.	0.0002499363972842083
1000.	0.000249686775151585
1001.	0.00024943765113576063
1002.	0.0002491890237472523
1003.	0.0002489408915025098
1004.	0.00024869325292388596
1005.	0.00024844610653960736
1006.	0.00024819945088374527
1007.	0.00024795328449618635
1008.	0.0002477076059226043
1009.	0.0002474624137144307
1010.	0.00024721770642882715
1011.	0.00024697348262865633
1012.	0.0002467297408824543
1013.	0.0002464864797644025
1014.	0.0002462436978542996
1015.	0.00024600139373753447
1016.	0.000245759566005058
1017.	0.00024551821325335634
1018.	0.00024527733408442355
1019.	0.00024503692710573443
1020.	0.00024479699093021807
1021.	0.00024455752417623086
1022.	0.0002443185254675301
1023.	0.00024407999343324758
1024.	0.00024384192670786343
1025.	0.00024360432393118002
1026.	0.00024336718374829607
1027.	0.00024313050480958092
1028.	0.00024289428577064888
1029.	0.00024265852529233378
1030.	0.0002424232220406637
1031.	0.0002421883746868358
1032.	0.0002419539819071913
1033.	0.00024172004238319055
1034.	0.0002414865548013885
1035.	0.00024125351785340981
1036.	0.0002410209302359248
1037.	0.00024078879065062472
1038.	0.00024055709780419795
1039.	0.00024032585040830584
1040.	0.0002400950471795588
1041.	0.0002398646868394926
1042.	0.00023963476811454475
1043.	0.0002394052897360311
1044.	0.0002391762504401224
1045.	0.00023894764896782112
1046.	0.00023871948406493842
1047.	0.00023849175448207126
1048.	0.0002382644589745795
1049.	0.0002380375963025632
1050.	0.0002378111652308402
1051.	0.00023758516452892367
1052.	0.0002373595929709997
1053.	0.00023713444933590527
1054.	0.00023690973240710617
1055.	0.00023668544097267514
1056.	0.00023646157382526997
1057.	0.0002362381297621119
1058.	0.00023601510758496409
1059.	0.00023579250610011022
1060.	0.00023557032411833313
1061.	0.00023534856045489373
1062.	0.0002351272139295098
1063.	0.0002349062833663352
1064.	0.000234685767593939
1065.	0.00023446566544528476
1066.	0.00023424597575770988
1067.	0.00023402669737290527
1068.	0.0002338078291368949
1069.	0.0002335893699000156
1070.	0.00023337131851689687
1071.	0.00023315367384644088
1072.	0.00023293643475180267
1073.	0.00023271960010037016
1074.	0.00023250316876374468
1075.	0.00023228713961772124
1076.	0.00023207151154226914
1077.	0.00023185628342151256
1078.	0.0002316414541437114
1079.	0.00023142702260124206
1080.	0.0002312129876905784
1081.	0.00023099934831227284
1082.	0.00023078610337093762
1083.	0.00023057325177522586
1084.	0.00023036079243781316
1085.	0.00023014872427537902
1086.	0.00022993704620858832
1087.	0.00022972575716207315
1088.	0.00022951485606441456
1089.	0.0002293043418481244
1090.	0.00022909421344962738
1091.	0.0002288844698092431
1092.	0.00022867510987116828
1093.	0.00022846613258345897
1094.	0.0002282575368980131
1095.	0.00022804932177055275
1096.	0.00022784148616060684
1097.	0.0002276340290314938
1098.	0.00022742694935030432
1099.	0.00022722024608788416
1100.	0.00022701391821881715
1101.	0.0002268079647214083
1102.	0.00022660238457766673
1103.	0.00022639717677328916
1104.	0.00022619234029764302
1105.	0.00022598787414374993
1106.	0.00022578377730826925
1107.	0.00022558004879148164
1108.	0.00022537668759727264
1109.	0.0002251736927331166
1110.	0.0002249710632100604
1111.	0.00022476879804270747
1112.	0.00022456689624920177
1113.	0.00022436535685121193
1114.	0.00022416417887391544
1115.	0.0002239633613459829
1116.	0.0002237629032995625
1117.	0.00022356280377026428
1118.	0.00022336306179714484
1119.	0.00022316367642269194
1120.	0.00022296464669280906
1121.	0.00022276597165680028
1122.	0.00022256765036735525
1123.	0.00022236968188053387
1124.	0.0002221720652557516
1125.	0.00022197479955576432
1126.	0.00022177788384665368
1127.	0.00022158131719781233
1128.	0.00022138509868192916
1129.	0.00022118922737497489
1130.	0.00022099370235618735
1131.	0.00022079852270805725
1132.	0.00022060368751631375
1133.	0.00022040919586991019
1134.	0.00022021504686100981
1135.	0.00022002123958497178
1136.	0.000219827773140337
1137.	0.00021963464662881431
1138.	0.00021944185915526631
1139.	0.00021924940982769584
1140.	0.00021905729775723194
1141.	0.00021886552205811638
1142.	0.00021867408184768995
1143.	0.00021848297624637894
1144.	0.00021829220437768164
1145.	0.00021810176536815498
1146.	0.0002179116583474012
1147.	0.0002177218824480545
1148.	0.00021753243680576798
1149.	0.0002173433205592005
1150.	0.00021715453285000352
1151.	0.00021696607282280816
1152.	0.00021677793962521236
1153.	0.00021659013240776798
1154.	0.00021640265032396794
1155.	0.0002162154925302336
1156.	0.00021602865818590207
1157.	0.00021584214645321368
1158.	0.00021565595649729931
1159.	0.00021547008748616813
1160.	0.000215284538590695
1161.	0.0002150993089846084
1162.	0.00021491439784447782
1163.	0.00021472980434970193
1164.	0.00021454552768249616
1165.	0.00021436156702788077
1166.	0.00021417792157366882
1167.	0.00021399459051045408
1168.	0.0002138115730315994
1169.	0.0002136288683332246
1170.	0.0002134464756141949
1171.	0.00021326439407610913
1172.	0.00021308262292328808
1173.	0.00021290116136276295
1174.	0.00021272000860426374
1175.	0.00021253916386020785
1176.	0.0002123586263456887
1177.	0.0002121783952784642
1178.	0.00021199846987894567
1179.	0.00021181884937018647
1180.	0.00021163953297787086
1181.	0.00021146051993030284
1182.	0.0002112818094583951
1183.	0.00021110340079565806
1184.	0.00021092529317818875
1185.	0.00021074748584466014
1186.	0.0002105699780363101
1187.	0.0002103927689969307
1188.	0.00021021585797285742
1189.	0.00021003924421295853
1190.	0.00020986292696862442
1191.	0.00020968690549375696
1192.	0.00020951117904475914
1193.	0.00020933574688052444
1194.	0.0002091606082624265
1195.	0.0002089857624543087
1196.	0.0002088112087224739
1197.	0.0002086369463356741
1198.	0.0002084629745651004
1199.	0.0002082892926843726
1200.	0.00020811589996952922
1201.	0.00020794279569901752
1202.	0.00020776997915368327
1203.	0.00020759744961676107
1204.	0.00020742520637386417
1205.	0.00020725324871297476
1206.	0.00020708157592443425
1207.	0.0002069101873009332
1208.	0.00020673908213750193
1209.	0.0002065682597315007
1210.	0.0002063977193826101
1211.	0.00020622746039282146
1212.	0.00020605748206642744
1213.	0.00020588778371001236
1214.	0.000205718364632443
1215.	0.00020554922414485905
1216.	0.00020538036156066383
1217.	0.00020521177619551496
1218.	0.00020504346736731525
1219.	0.0002048754343962033
1220.	0.0002047076766045445
1221.	0.00020454019331692184
1222.	0.00020437298386012694
1223.	0.0002042060475631509
1224.	0.00020403938375717536
1225.	0.0002038729917755637
1226.	0.00020370687095385198
1227.	0.0002035410206297402
1228.	0.0002033754401430834
1229.	0.00020321012883588307
1230.	0.0002030450860522782
1231.	0.00020288031113853685
1232.	0.00020271580344304732
1233.	0.0002025515623163097
1234.	0.00020238758711092728
1235.	0.00020222387718159794
1236.	0.00020206043188510583
1237.	0.00020189725058031296
1238.	0.00020173433262815063
1239.	0.00020157167739161125
1240.	0.00020140928423574006
1241.	0.00020124715252762667
1242.	0.0002010852816363971
1243.	0.0002009236709332054
1244.	0.0002007623197912256
1245.	0.0002006012275856435
1246.	0.0002004403936936488
1247.	0.00020027981749442693
1248.	0.000200119498369151
1249.	0.00019995943570097407
1250.	0.000199799628875021
1251.	0.00019964007727838078
1252.	0.00019948078030009852
1253.	0.0001993217373311678
1254.	0.00019916294776452278
1255.	0.00019900441099503062
1256.	0.0001988461264194836
1257.	0.0001986880934365917
1258.	0.00019853031144697475
1259.	0.00019837277985315508
1260.	0.0001982154980595498
1261.	0.00019805846547246337
1262.	0.00019790168150008017
1263.	0.00019774514555245693
1264.	0.00019758885704151548
1265.	0.00019743281538103533
1266.	0.0001972770199866463
1267.	0.0001971214702758213
1268.	0.00019696616566786896
1269.	0.00019681110558392658
1270.	0.00019665628944695273
1271.	0.00019650171668172023
1272.	0.000196347386714809
1273.	0.00019619329897459898
1274.	0.00019603945289126302
1275.	0.00019588584789675986
1276.	0.00019573248342482722
1277.	0.00019557935891097473
1278.	0.00019542647379247718
1279.	0.00019527382750836734
1280.	0.00019512141949942942
1281.	0.00019496924920819197
1282.	0.00019481731607892133
1283.	0.00019466561955761458
1284.	0.0001945141590919931
1285.	0.00019436293413149566
1286.	0.00019421194412727185
1287.	0.0001940611885321754
1288.	0.00019391066680075756
1289.	0.0001937603783892606
1290.	0.00019361032275561112
1291.	0.00019346049935941372
1292.	0.00019331090766194433
1293.	0.00019316154712614386
1294.	0.0001930124172166118
1295.	0.00019286351739959966
1296.	0.0001927148471430048
1297.	0.00019256640591636397
1298.	0.00019241819319084705
1299.	0.00019227020843925078
1300.	0.0001921224511359924
1301.	0.00019197492075710357
1302.	0.00019182761678022416
1303.	0.00019168053868459593
1304.	0.00019153368595105661
1305.	0.00019138705806203367
1306.	0.00019124065450153822
1307.	0.00019109447475515898
1308.	0.00019094851831005636
1309.	0.00019080278465495628
1310.	0.00019065727328014436
1311.	0.00019051198367745986
1312.	0.00019036691534028984
1313.	0.00019022206776356327
1314.	0.0001900774404437451
1315.	0.00018993303287883048
1316.	0.000189788844568339
1317.	0.00018964487501330873
1318.	0.00018950112371629075
1319.	0.00018935759018134314
1320.	0.00018921427391402538
1321.	0.00018907117442139277
1322.	0.00018892829121199063
1323.	0.00018878562379584879
1324.	0.00018864317168447586
1325.	0.0001885009343908538
1326.	0.0001883589114294323
1327.	0.0001882171023161232
1328.	0.0001880755065682951
1329.	0.00018793412370476784
1330.	0.000187792953245807
1331.	0.0001876519947131185
1332.	0.0001875112476298433
1333.	0.00018737071152055186
1334.	0.00018723038591123887
1335.	0.00018709027032931796
1336.	0.00018695036430361632
1337.	0.0001868106673643694
1338.	0.0001866711790432158
1339.	0.00018653189887319184
1340.	0.0001863928263887265
1341.	0.0001862539611256362
1342.	0.00018611530262111953
1343.	0.00018597685041375227
1344.	0.00018583860404348214
1345.	0.00018570056305162376
1346.	0.00018556272698085367
1347.	0.00018542509537520504
1348.	0.00018528766778006287
1349.	0.0001851504437421589
1350.	0.0001850134228095666
1351.	0.0001848766045316963
1352.	0.0001847399884592901
1353.	0.00018460357414441708
1354.	0.00018446736114046837
1355.	0.00018433134900215227
1356.	0.0001841955372854894
1357.	0.0001840599255478079
1358.	0.00018392451334773847
1359.	0.00018378930024520986
1360.	0.00018365428580144385
1361.	0.00018351946957895058
1362.	0.0001833848511415239
1363.	0.00018325043005423664
1364.	0.00018311620588343575
1365.	0.0001829821781967379
1366.	0.00018284834656302467
1367.	0.000182714710552438
1368.	0.0001825812697363756
1369.	0.00018244802368748618
1370.	0.00018231497197966523
1371.	0.00018218211418805013
1372.	0.0001820494498890159
1373.	0.0001819169786601705
1374.	0.00018178470008035048
1375.	0.00018165261372961642
1376.	0.00018152071918924858
1377.	0.0001813890160417424
1378.	0.00018125750387080415
1379.	0.00018112618226134644
1380.	0.00018099505079948402
1381.	0.00018086410907252928
1382.	0.00018073335666898802
1383.	0.00018060279317855507
1384.	0.00018047241819211005
1385.	0.00018034223130171308
1386.	0.00018021223210060047
1387.	0.00018008242018318062
1388.	0.00017995279514502967
1389.	0.0001798233565828873
1390.	0.0001796941040946527
1391.	0.0001795650372793802
1392.	0.00017943615573727528
1393.	0.0001793074590696904
1394.	0.00017917894687912084
1395.	0.0001790506187692007
1396.	0.00017892247434469862
1397.	0.0001787945132115141
1398.	0.00017866673497667304
1399.	0.00017853913924832405
1400.	0.00017841172563573418
1401.	0.00017828449374928513
1402.	0.00017815744320046919
1403.	0.0001780305736018853
1404.	0.00017790388456723514
1405.	0.0001777773757113191
1406.	0.00017765104665003255
1407.	0.0001775248970003618
1408.	0.00017739892638038028
1409.	0.0001772731344092448
1410.	0.00017714752070719148
1411.	0.0001770220848955321
1412.	0.00017689682659665032
1413.	0.0001767717454339977
1414.	0.0001766468410320901
1415.	0.00017652211301650393
1416.	0.00017639756101387225
1417.	0.00017627318465188123
1418.	0.00017614898355926625
1419.	0.00017602495736580845
1420.	0.0001759011057023308
1421.	0.00017577742820069458
1422.	0.0001756539244937957
1423.	0.0001755305942155611
1424.	0.00017540743700094507
1425.	0.00017528445248592565
1426.	0.00017516164030750115
1427.	0.00017503900010368644
1428.	0.0001749165315135095
1429.	0.0001747942341770078
1430.	0.0001746721077352248
1431.	0.00017455015183020652
1432.	0.00017442836610499784
1433.	0.00017430675020363928
1434.	0.00017418530377116332
1435.	0.00017406402645359106
1436.	0.00017394291789792868
1437.	0.0001738219777521642
1438.	0.0001737012056652638
1439.	0.00017358060128716874
1440.	0.00017346016426879164
1441.	0.00017333989426201343
1442.	0.00017321979091967975
1443.	0.0001730998538955978
1444.	0.00017298008284453282
1445.	0.00017286047742220493
1446.	0.00017274103728528583
1447.	0.0001726217620913954
1448.	0.00017250265149909848
1449.	0.0001723837051679017
1450.	0.00017226492275825014
1451.	0.00017214630393152407
1452.	0.00017202784835003586
1453.	0.00017190955567702665
1454.	0.00017179142557666323
1455.	0.0001716734577140348
1456.	0.00017155565175514992
1457.	0.00017143800736693323
1458.	0.00017132052421722234
1459.	0.0001712032019747648
1460.	0.0001710860403092149
1461.	0.00017096903889113053
1462.	0.00017085219739197018
1463.	0.00017073551548408983
1464.	0.00017061899284073995
1465.	0.00017050262913606223
1466.	0.0001703864240450869
1467.	0.00017027037724372937
1468.	0.00017015448840878737
1469.	0.000170038757217938
1470.	0.0001699231833497346
1471.	0.0001698077664836039
1472.	0.00016969250629984297
1473.	0.00016957740247961633
1474.	0.00016946245470495297
1475.	0.00016934766265874342
1476.	0.00016923302602473686
1477.	0.00016911854448753826
1478.	0.00016900421773260535
1479.	0.00016889004544624585
1480.	0.0001687760273156146
1481.	0.00016866216302871063
1482.	0.0001685484522743744
1483.	0.00016843489474228487
1484.	0.00016832149012295682
1485.	0.00016820823810773789
1486.	0.00016809513838880584
1487.	0.0001679821906591658
1488.	0.00016786939461264737
1489.	0.00016775674994390203
1490.	0.00016764425634840027
1491.	0.00016753191352242885
1492.	0.00016741972116308807
1493.	0.0001673076789682891
1494.	0.0001671957866367512
1495.	0.0001670840438679991
1496.	0.00016697245036236018
1497.	0.00016686100582096196
1498.	0.00016674970994572927
1499.	0.0001666385624393817
1500.	0.00016652756300543093
1501.	0.00016641671134817808
1502.	0.00016630600717271106
1503.	0.000166195450184902
1504.	0.00016608504009140468
1505.	0.00016597477659965177
1506.	0.00016586465941785243
1507.	0.0001657546882549897
1508.	0.00016564486282081783
1509.	0.00016553518282585983
1510.	0.00016542564798140488
1511.	0.00016531625799950586
1512.	0.0001652070125929767
1513.	0.00016509791147539
1514.	0.00016498895436107443
1515.	0.00016488014096511237
1516.	0.00016477147100333722
1517.	0.0001646629441923311
1518.	0.00016455456024942237
1519.	0.00016444631889268302
1520.	0.0001643382198409264
1521.	0.00016423026281370476
1522.	0.00016412244753130677
1523.	0.00016401477371475506
1524.	0.00016390724108580394
1525.	0.00016379984936693695
1526.	0.0001636925982813644
1527.	0.00016358548755302112
1528.	0.00016347851690656402
1529.	0.00016337168606736965
1530.	0.00016326499476153203
1531.	0.00016315844271586023
1532.	0.0001630520296578759
1533.	0.00016294575531581123
1534.	0.00016283961941860638
1535.	0.00016273362169590727
1536.	0.0001626277618780633
1537.	0.00016252203969612512
1538.	0.00016241645488184218
1539.	0.00016231100716766061
1540.	0.00016220569628672097
1541.	0.00016210052197285584
1542.	0.00016199548396058773
1543.	0.00016189058198512682
1544.	0.0001617858157823687
1545.	0.00016168118508889216
1546.	0.00016157668964195693
1547.	0.00016147232917950165
1548.	0.00016136810344014152
1549.	0.00016126401216316614
1550.	0.00016116005508853736
1551.	0.0001610562319568872
1552.	0.00016095254250951551
1553.	0.00016084898648838797
1554.	0.0001607455636361339
1555.	0.0001606422736960441
1556.	0.00016053911641206883
1557.	0.0001604360915288155
1558.	0.0001603331987915468
1559.	0.0001602304379461784
1560.	0.00016012780873927697
1561.	0.0001600253109180581
1562.	0.00015992294423038413
1563.	0.00015982070842476216
1564.	0.00015971860325034203
1565.	0.00015961662845691415
1566.	0.00015951478379490754
1567.	0.00015941306901538776
1568.	0.00015931148387005495
1569.	0.00015921002811124168
1570.	0.00015910870149191106
1571.	0.00015900750376565467
1572.	0.00015890643468669056
1573.	0.00015880549400986135
1574.	0.0001587046814906321
1575.	0.00015860399688508845
1576.	0.0001585034399499346
1577.	0.0001584030104424914
1578.	0.0001583027081206943
1579.	0.00015820253274309153
1580.	0.00015810248406884208
1581.	0.0001580025618577138
1582.	0.00015790276587008146
1583.	0.0001578030958669248
1584.	0.00015770355160982675
1585.	0.0001576041328609714
1586.	0.00015750483938314216
1587.	0.00015740567093971983
1588.	0.0001573066272946808
1589.	0.00015720770821259507
1590.	0.00015710891345862456
1591.	0.00015701024279852102
1592.	0.00015691169599862432
1593.	0.00015681327282586068
1594.	0.00015671497304774057
1595.	0.0001566167964323572
1596.	0.00015651874274838444
1597.	0.00015642081176507513
1598.	0.00015632300325225926
1599.	0.00015622531698034216
1600.	0.00015612775272030264
1601.	0.0001560303102436913
1602.	0.00015593298932262869
1603.	0.00015583578972980353
1604.	0.00015573871123847097
1605.	0.00015564175362245083
1606.	0.0001555449166561258
1607.	0.00015544820011443967
1608.	0.00015535160377289572
1609.	0.00015525512740755486
1610.	0.00015515877079503391
1611.	0.00015506253371250393
1612.	0.00015496641593768846
1613.	0.0001548704172488618
1614.	0.00015477453742484737
1615.	0.00015467877624501594
1616.	0.00015458313348928396
1617.	0.0001544876089381119
1618.	0.00015439220237250254
1619.	0.0001542969135739993
1620.	0.00015420174232468457
1621.	0.0001541066884071781
1622.	0.00015401175160463523
1623.	0.00015391693170074537
1624.	0.0001538222284797303
1625.	0.00015372764172634254
1626.	0.00015363317122586364
1627.	0.00015353881676410271
1628.	0.0001534445781273947
1629.	0.00015335045510259877
1630.	0.00015325644747709674
1631.	0.00015316255503879152
1632.	0.00015306877757610538
1633.	0.0001529751148779785
1634.	0.00015288156673386733
1635.	0.00015278813293374295
1636.	0.00015269481326808963
1637.	0.0001526016075279032
1638.	0.00015250851550468943
1639.	0.00015241553699046258
1640.	0.0001523226717777438
1641.	0.0001522299196595595
1642.	0.00015213728042944003
1643.	0.00015204475388141795
1644.	0.00015195233981002662
1645.	0.00015186003801029852
1646.	0.00015176784827776395
1647.	0.00015167577040844942
1648.	0.0001515838041988761
1649.	0.0001514919494460583
1650.	0.0001514002059475022
1651.	0.0001513085735012041
1652.	0.000151217051905649
1653.	0.0001511256409598093
1654.	0.00015103434046314303
1655.	0.00015094315021559266
1656.	0.00015085207001758346
1657.	0.00015076109967002212
1658.	0.00015067023897429531
1659.	0.00015057948773226822
1660.	0.00015048884574628307
1661.	0.0001503983128191577
1662.	0.00015030788875418418
1663.	0.00015021757335512742
1664.	0.0001501273664262236
1665.	0.0001500372677721789
1666.	0.00014994727719816798
1667.	0.00014985739450983272
1668.	0.00014976761951328069
1669.	0.00014967795201508376
1670.	0.00014958839182227683
1671.	0.0001494989387423563
1672.	0.00014940959258327878
1673.	0.00014932035315345972
1674.	0.00014923122026177195
1675.	0.00014914219371754448
1676.	0.0001490532733305609
1677.	0.00014896445891105826
1678.	0.00014887575026972566
1679.	0.00014878714721770276
1680.	0.00014869864956657864
1681.	0.0001486102571283903
1682.	0.00014852196971562148
1683.	0.0001484337871412012
1684.	0.00014834570921850253
1685.	0.00014825773576134123
1686.	0.00014816986658397442
1687.	0.00014808210150109934
1688.	0.00014799444032785196
1689.	0.0001479068828798058
1690.	0.00014781942897297052
1691.	0.00014773207842379066
1692.	0.00014764483104914443
1693.	0.00014755768666634231
1694.	0.0001474706450931259
1695.	0.00014738370614766655
1696.	0.00014729686964856415
1697.	0.00014721013541484578
1698.	0.00014712350326596466
1699.	0.00014703697302179868
1700.	0.00014695054450264918
1701.	0.00014686421752923984
1702.	0.00014677799192271536
1703.	0.00014669186750464018
1704.	0.00014660584409699728
1705.	0.00014651992152218705
1706.	0.0001464340996030259
1707.	0.00014634837816274513
1708.	0.00014626275702498976
1709.	0.00014617723601381726
1710.	0.00014609181495369634
1711.	0.00014600649366950578
1712.	0.0001459212719865332
1713.	0.0001458361497304739
1714.	0.00014575112672742966
1715.	0.0001456662028039076
1716.	0.00014558137778681885
1717.	0.00014549665150347755
1718.	0.00014541202378159964
1719.	0.0001453274944493016
1720.	0.00014524306333509932
1721.	0.00014515873026790707
1722.	0.00014507449507703614
1723.	0.00014499035759219384
1724.	0.00014490631764348228
1725.	0.00014482237506139727
1726.	0.00014473852967682713
1727.	0.00014465478132105161
1728.	0.00014457112982574076
1729.	0.00014448757502295365
1730.	0.0001444041167451375
1731.	0.00014432075482512637
1732.	0.00014423748909614013
1733.	0.00014415431939178327
1734.	0.0001440712455460439
1735.	0.0001439882673932926
1736.	0.0001439053847682812
1737.	0.00014382259750614191
1738.	0.00014373990544238607
1739.	0.00014365730841290304
1740.	0.00014357480625395928
1741.	0.00014349239880219705
1742.	0.0001434100858946335
1743.	0.0001433278673686596
1744.	0.00014324574306203884
1745.	0.00014316371281290644
1746.	0.0001430817764597682
1747.	0.0001429999338414994
1748.	0.00014291818479734368
1749.	0.00014283652916691217
1750.	0.00014275496679018226
1751.	0.0001426734975074967
1752.	0.00014259212115956245
1753.	0.0001425108375874497
1754.	0.00014242964663259078
1755.	0.00014234854813677925
1756.	0.00014226754194216875
1757.	0.00014218662789127195
1758.	0.0001421058058269597
1759.	0.00014202507559245983
1760.	0.00014194443703135628
1761.	0.000141863889987588
1762.	0.0001417834343054479
1763.	0.00014170306982958203
1764.	0.00014162279640498836
1765.	0.00014154261387701601
1766.	0.000141462522091364
1767.	0.00014138252089408048
1768.	0.00014130261013156164
1769.	0.00014122278965055071
1770.	0.0001411430592981371
1771.	0.00014106341892175528
1772.	0.0001409838683691838
1773.	0.00014090440748854458
1774.	0.00014082503612830154
1775.	0.00014074575413725995
1776.	0.00014066656136456539
1777.	0.0001405874576597027
1778.	0.00014050844287249515
1779.	0.00014042951685310341
1780.	0.00014035067945202467
1781.	0.00014027193052009153
1782.	0.00014019326990847138
1783.	0.0001401146974686651
1784.	0.00014003621305250637
1785.	0.00013995781651216063
1786.	0.00013987950770012424
1787.	0.0001398012864692234
1788.	0.0001397231526726134
1789.	0.00013964510616377762
1790.	0.0001395671467965266
1791.	0.00013948927442499715
1792.	0.00013941148890365143
1793.	0.00013933379008727607
1794.	0.0001392561778309813
1795.	0.00013917865199019984
1796.	0.00013910121242068633
1797.	0.00013902385897851616
1798.	0.00013894659152008477
1799.	0.00013886940990210655
1800.	0.0001387923139816142
1801.	0.00013871530361595765
1802.	0.00013863837866280333
1803.	0.00013856153898013314
1804.	0.00013848478442624368
1805.	0.0001384081148597454
1806.	0.00013833153013956165
1807.	0.0001382550301249278
1808.	0.00013817861467539056
1809.	0.00013810228365080684
1810.	0.00013802603691134315
1811.	0.0001379498743174746
1812.	0.00013787379572998407
1813.	0.00013779780100996143
1814.	0.00013772189001880257
1815.	0.00013764606261820872
1816.	0.00013757031867018545
1817.	0.00013749465803704192
1818.	0.00013741908058139006
1819.	0.0001373435861661437
1820.	0.0001372681746545177
1821.	0.00013719284591002723
1822.	0.00013711759979648686
1823.	0.0001370424361780098
1824.	0.00013696735491900702
1825.	0.00013689235588418646
1826.	0.00013681743893855227
1827.	0.0001367426039474039
1828.	0.00013666785077633538
1829.	0.00013659317929123449
1830.	0.0001365185893582819
1831.	0.00013644408084395045
1832.	0.00013636965361500433
1833.	0.0001362953075384983
1834.	0.00013622104248177684
1835.	0.0001361468583124734
1836.	0.0001360727548985096
1837.	0.00013599873210809452
1838.	0.00013592478980972378
1839.	0.0001358509278721789
1840.	0.00013577714616452646
1841.	0.00013570344455611724
1842.	0.00013562982291658564
1843.	0.00013555628111584878
1844.	0.00013548281902410575
1845.	0.00013540943651183687
1846.	0.00013533613344980286
1847.	0.00013526290970904427
1848.	0.00013518976516088043
1849.	0.000135116699676909
1850.	0.00013504371312900499
1851.	0.00013497080538932014
1852.	0.0001348979763302821
1853.	0.00013482522582459376
1854.	0.00013475255374523245
1855.	0.00013467995996544916
1856.	0.00013460744435876796
1857.	0.00013453500679898512
1858.	0.00013446264716016838
1859.	0.00013439036531665634
1860.	0.0001343181611430576
1861.	0.0001342460345142501
1862.	0.00013417398530538046
1863.	0.00013410201339186304
1864.	0.00013403011864937954
1865.	0.000133958300953878
1866.	0.00013388656018157222
1867.	0.00013381489620894105
1868.	0.00013374330891272764
1869.	0.00013367179816993884
1870.	0.00013360036385784424
1871.	0.0001335290058539758
1872.	0.0001334577240361269
1873.	0.00013338651828235176
1874.	0.00013331538847096469
1875.	0.00013324433448053946
1876.	0.00013317335618990853
1877.	0.00013310245347816245
1878.	0.00013303162622464908
1879.	0.00013296087430897296
1880.	0.00013289019761099464
1881.	0.00013281959601082997
1882.	0.0001327490693888494
1883.	0.00013267861762567736
1884.	0.00013260824060219161
1885.	0.00013253793819952242
1886.	0.0001324677102990521
1887.	0.00013239755678241415
1888.	0.00013232747753149274
1889.	0.00013225747242842195
1890.	0.00013218754135558514
1891.	0.00013211768419561437
1892.	0.00013204790083138956
1893.	0.00013197819114603803
1894.	0.00013190855502293373
1895.	0.00013183899234569662
1896.	0.000131769502998192
1897.	0.00013170008686452998
1898.	0.00013163074382906465
1899.	0.00013156147377639353
1900.	0.00013149227659135703
1901.	0.0001314231521590376
1902.	0.00013135410036475926
1903.	0.0001312851210940869
1904.	0.00013121621423282568
1905.	0.0001311473796670204
1906.	0.00013107861728295475
1907.	0.00013100992696715093
1908.	0.00013094130860636874
1909.	0.0001308727620876052
1910.	0.00013080428729809383
1911.	0.00013073588412530393
1912.	0.0001306675524569402
1913.	0.0001305992921809419
1914.	0.0001305311031854823
1915.	0.00013046298535896822
1916.	0.00013039493859003917
1917.	0.00013032696276756698
1918.	0.00013025905778065496
1919.	0.0001301912235186376
1920.	0.00013012345987107956
1921.	0.00013005576672777552
1922.	0.00012998814397874924
1923.	0.00012992059151425314
1924.	0.00012985310922476764
1925.	0.00012978569700100055
1926.	0.0001297183547338866
1927.	0.0001296510823145867
1928.	0.0001295838796344874
1929.	0.0001295167465852004
1930.	0.00012944968305856185
1931.	0.00012938268894663177
1932.	0.00012931576414169362
1933.	0.0001292489085362535
1934.	0.00012918212202303977
1935.	0.0001291154044950023
1936.	0.00012904875584531216
1937.	0.00012898217596736072
1938.	0.00012891566475475933
1939.	0.00012884922210133865
1940.	0.00012878284790114806
1941.	0.0001287165420484552
1942.	0.00012865030443774537
1943.	0.00012858413496372086
1944.	0.00012851803352130055
1945.	0.00012845200000561927
1946.	0.00012838603431202726
1947.	0.00012832013633608957
1948.	0.00012825430597358567
1949.	0.00012818854312050866
1950.	0.00012812284767306492
1951.	0.0001280572195276735
1952.	0.00012799165858096552
1953.	0.00012792616472978374
1954.	0.00012786073787118192
1955.	0.00012779537790242427
1956.	0.00012773008472098505
1957.	0.00012766485822454787
1958.	0.00012759969831100526
1959.	0.00012753460487845814
1960.	0.00012746957782521515
1961.	0.00012740461704979233
1962.	0.0001273397224509124
1963.	0.00012727489392750442
1964.	0.00012721013137870308
1965.	0.00012714543470384828
1966.	0.00012708080380248462
1967.	0.00012701623857436082
1968.	0.00012695173891942924
1969.	0.00012688730473784537
1970.	0.00012682293592996728
1971.	0.00012675863239635513
1972.	0.00012669439403777068
1973.	0.00012663022075517672
1974.	0.00012656611244973664
1975.	0.0001265020690228138
1976.	0.00012643809037597115
1977.	0.00012637417641097072
1978.	0.000126310327029773
1979.	0.00012624654213453656
1980.	0.00012618282162761747
1981.	0.00012611916541156889
1982.	0.00012605557338914042
1983.	0.00012599204546327785
1984.	0.00012592858153712234
1985.	0.00012586518151401027
1986.	0.00012580184529747252
1987.	0.000125738572791234
1988.	0.0001256753638992133
1989.	0.00012561221852552208
1990.	0.00012554913657446455
1991.	0.00012548611795053715
1992.	0.00012542316255842792
1993.	0.00012536027030301611
1994.	0.00012529744108937164
1995.	0.00012523467482275462
1996.	0.00012517197140861496
1997.	0.00012510933075259178
1998.	0.00012504675276051302
1999.	0.00012498423733839494
2000.	0.00012492178439244163