1.	0.06522324444853977
1.1	0.06534555895502443
1.2	0.06540579668704019
1.3	0.06540809257836112
1.4	0.06535640114345204
1.5	0.06525450283678344
1.6	0.06510600976443859
1.7	0.06491437087663972
1.8	0.06468287674813501
1.9	0.06441466403328179
2.	0.06411271966523574
2.1	0.06377988485460774
2.2	0.06341885893248478
2.3	0.06303220307556391
2.4	0.06262234394667537
2.5	0.06219157728130914
2.6	0.061742071448982236
2.7	0.061275871016560776
2.8	0.060794900338346586
2.9	0.060300967194483
3.	0.05979576649492183
3.1	0.059280884060953457
3.2	0.05875780049043263
3.3	0.05822789510673021
3.4	0.05769244998552223
3.5	0.05715265404817377
3.6	0.05660960720598327
3.7	0.05606432453612162
3.8	0.05551774046781428
3.9	0.0549707129561667
4.	0.0544240276209293
5.	0.04910499443038946
6.	0.04429001962659223
7.	0.04009393082630374
8.	0.03648910081661032
9.	0.03340075116746716
10.	0.030747350016820843
11.	0.02845521372785282
12.	0.02646226419293243
13.	0.024717702609181078
14.	0.02318041478025198
15.	0.021817194130190825
16.	0.020601153455906827
17.	0.019510415534579377
18.	0.018527070975766072
19.	0.017636361412091784
20.	0.016826042757323464
21.	0.01608588885520938
22.	0.015407303415428106
23.	0.014783015193252532
24.	0.01420683721149274
25.	0.013673475410114625
26.	0.013178375620049303
27.	0.012717600413101287
28.	0.012287729378419937
29.	0.01188577787929569
30.	0.011509130477028114
31.	0.011155486065529385
32.	0.010822812411366572
33.	0.010509308291092341
34.	0.010213371799403766
35.	0.009933573696354139
36.	0.009668634890637923
37.	0.009417407334603594
38.	0.009178857746891514
39.	0.0089520536892921
40.	0.008736151612258738
41.	0.008530386553568558
42.	0.00833406323077939
43.	0.008146548313359068
44.	0.0079672636969598
45.	0.007795680632055845
46.	0.007631314583444852
47.	0.007473720717018348
48.	0.007322489926590083
49.	0.007177245327107805
50.	0.007037639151801339
51.	0.006903350000165337
52.	0.006774080391481436
53.	0.006649554585127407
54.	0.006529516634422604
55.	0.0064137286453998694
56.	0.006301969215820779
57.	0.0061940320330832865
58.	0.006089724612506604
59.	0.005988867159898184
60.	0.0058912915443783045
61.	0.005796840369214157
62.	0.005705366129943067
63.	0.005616730450381503
64.	0.005530803388254686
65.	0.005447462803167341
66.	0.005366593780491791
67.	0.005288088105493945
68.	0.005211843782666553
69.	0.005137764595805882
70.	0.005065759704863997
71.	0.004995743276043775
72.	0.00492763414198591
73.	0.004861355489233453
74.	0.004796834570455971
75.	0.004734002439177229
76.	0.004672793704981968
77.	0.00461314630738265
78.	0.004555001306709147
79.	0.004498302690546347
80.	0.004442997194388726
81.	0.004389034135309507
82.	0.004336365257556677
83.	0.004284944589090797
84.	0.004234728308171246
85.	0.004185674619179989
86.	0.004137743636945721
87.	0.004090897278897733
88.	0.004045099164438549
89.	0.004000314520978261
90.	0.003956510096122003
91.	0.003913654075545901
92.	0.0038717160061364753
93.	0.0038306667240043278
94.	0.003790478287015509
95.	0.0037511239115134145
96.	0.0037125779129308536
97.	0.003674815650016275
98.	0.003637813472420266
99.	0.0036015486714086266
100.	0.0035659994334866843
101.	0.003531144796736293
102.	0.0034969646096822972
103.	0.003463439492519209
104.	0.0034305508005416895
105.	0.0033982805896341415
106.	0.003366611583685463
107.	0.003335527143804895
108.	0.003305011239223923
109.	0.0032750484197775244
110.	0.0032456237898657006
111.	0.003216722983803249
112.	0.0031883321424722353
113.	0.0031604378911975796
114.	0.0031330273187716753
115.	0.0031060879575590524
116.	0.0030796077646167777
117.	0.0030535751037706273
118.	0.003027978728591075
119.	0.0030028077662168523
120.	0.0029780517019772756
121.	0.0029537003647677118
122.	0.002929743913135516
123.	0.0029061728220365146
124.	0.002882977870224638
125.	0.0028601501282396885
126.	0.0028376809469604055
127.	0.002815561946692055
128.	0.0027937850067596428
129.	0.002772342255579651
130.	0.0027512260611848205
131.	0.0027304290221780545
132.	0.0027099439590929472
133.	0.0026897639061397726
134.	0.002669882103317031
135.	0.0026502919888698037
136.	0.002630987192077262
137.	0.0026119615263526996
138.	0.0025932089826404023
139.	0.0025747237230945704
140.	0.0025565000750263404
141.	0.0025385325251057354
142.	0.002520815713806107
143.	0.002503344430079329
144.	0.0024861136062506277
145.	0.002469118313122569
146.	0.0024523537552782653
147.	0.002435815266574412
148.	0.0024194983058152693
149.	0.0024033984525991675
150.	0.002387511403329566
151.	0.002371832967383109
152.	0.002356359063427523
153.	0.0023410857158825595
154.	0.002326009051517549
155.	0.0023111252961794454
156.	0.0022964307716455755
157.	0.0022819218925955666
158.	0.002267595163697237
159.	0.002253447176801467
160.	0.0022394746082413314
161.	0.0022256742162309997
162.	0.0022120428383601305
163.	0.002198577389179699
164.	0.002185274857875383
165.	0.002172132306024833
166.	0.0021591468654353118
167.	0.002146315736058375
168.	0.0021336361839783945
169.	0.002121105539471908
170.	0.00210872119513489
171.	0.002096480604075199
172.	0.0020843812781675577
173.	0.0020724207863685703
174.	0.0020605967530893683
175.	0.0020489068566236102
176.	0.0020373488276286445
177.	0.002025920447657749
178.	0.0020146195477414638
179.	0.0020034440070160996
180.	0.001992391751397611
181.	0.0019814607522990932
182.	0.0019706490253902343
183.	0.0019599546293971293
184.	0.0019493756649409382
185.	0.001938910273413926
186.	0.001928556635891487
187.	0.0019183129720788206
188.	0.0019081775392909735
189.	0.0018981486314650262
190.	0.0018882245782032457
191.	0.0018784037438460775
192.	0.0018686845265738986
193.	0.0018590653575364965
194.	0.0018495447000092776
195.	0.0018401210485752563
196.	0.0018307929283319082
197.	0.0018215588941220121
198.	0.001812417529787636
199.	0.0018033674474464618
200.	0.0017944072867896702
201.	0.001785535714400641
202.	0.0017767514230937525
203.	0.0017680531312725914
204.	0.0017594395823069121
205.	0.0017509095439277084
206.	0.0017424618076397889
207.	0.0017340951881512643
208.	0.001725808522819386
209.	0.0017176006711121872
210.	0.0017094705140854062
211.	0.001701416953874188
212.	0.0016934389131990793
213.	0.0016855353348858477
214.	0.001677705181398681
215.	0.0016699474343863287
216.	0.001662261094240772
217.	0.00165464517966802
218.	0.0016470987272706433
219.	0.0016396207911416774
220.	0.001632210442469529
221.	0.001624866769153545
222.	0.0016175888754299088
223.	0.0016103758815075378
224.	0.0016032269232136773
225.	0.001596141151648887
226.	0.001589117732851132
227.	0.0015821558474687003
228.	0.0015752546904416755
229.	0.0015684134706917068
230.	0.0015616314108198228
231.	0.0015549077468120503
232.	0.001548241727752601
233.	0.0015416326155443998
234.	0.0015350796846367407
235.	0.0015285822217598528
236.	0.0015221395256661784
237.	0.0015157509068781628
238.	0.001509415687442366
239.	0.001503133200689713
240.	0.0014969027910017043
241.	0.001490723813582414
242.	0.0014845956342361083
243.	0.0014785176291503275
244.	0.001472489184684269
245.	0.0014665096971623265
246.	0.0014605785726726373
247.	0.0014546952268704953
248.	0.0014488590847864951
249.	0.0014430695806392749
250.	0.0014373261576527277
251.	0.00143162826787756
252.	0.0014259753720170765
253.	0.001420366939257073
254.	0.0014148024470997283
255.	0.001409281381201382
256.	0.001403803235214097
257.	0.0013983675106308989
258.	0.0013929737166345978
259.	0.001387621369950093
260.	0.0013823099947000692
261.	0.0013770391222639932
262.	0.001371808291140322
263.	0.0013666170468118399
264.	0.00136146494161404
265.	0.00135635153460647
266.	0.0013512763914469675
267.	0.0013462390842687046
268.	0.0013412391915599735
269.	0.0013362762980466398
270.	0.0013313499945771946
271.	0.0013264598780103386
272.	0.001321605551105036
273.	0.0013167866224129698
274.	0.0013120027061733436
275.	0.0013072534222099655
276.	0.0013025383958305595
277.	0.0012978572577282477
278.	0.001293209643885147
279.	0.001288595195478031
280.	0.0012840135587860026
281.	0.0012794643851001294
282.	0.001274947330634993
283.	0.0012704620564421018
284.	0.0012660082283251306
285.	0.0012615855167569289
286.	0.0012571935967982688
287.	0.0012528321480182792
288.	0.0012485008544165326
289.	0.00124419940434674
290.	0.00123992749044202
291.	0.0012356848095416981
292.	0.0012314710626196077
293.	0.0012272859547138482
294.	0.0012231291948579734
295.	0.0012190004960135718
296.	0.0012148995750042078
297.	0.001210826152450691
298.	0.0012067799527076444
299.	0.001202760703801337
300.	0.0011987681373687577
301.	0.0011948019885978961
302.	0.0011908619961692054
303.	0.0011869479021982187
304.	0.0011830594521792942
305.	0.0011791963949304611
306.	0.0011753584825393427
307.	0.0011715454703101324
308.	0.0011677571167115963
309.	0.0011639931833260847
310.	0.0011602534347995215
311.	0.001156537638792359
312.	0.0011528455659314694
313.	0.0011491769897629541
314.	0.001145531686705853
315.	0.0011419094360067296
316.	0.0011383100196951177
317.	0.0011347332225398045
318.	0.0011311788320059373
319.	0.0011276466382129336
320.	0.0011241364338931761
321.	0.0011206480143514774
322.	0.0011171811774252963
323.	0.0011137357234456912
324.	0.0011103114551989928
325.	0.0011069081778891806
326.	0.001103525699100952
327.	0.0011001638287634627
328.	0.0010968223791147306
329.	0.0010935011646666848
330.	0.0010902000021708474
331.	0.0010869187105846366
332.	0.0010836571110382743
333.	0.0010804150268022882
334.	0.001077192283255597
335.	0.0010739887078541621
336.	0.0010708041301002004
337.	0.001067638381511939
338.	0.0010644912955939088
339.	0.0010613627078077587
340.	0.0010582524555435846
341.	0.001055160378091761
342.	0.0010520863166152633
343.	0.0010490301141224743
344.	0.0010459916154404616
345.	0.00104297066718872
346.	0.0010399671177533645
347.	0.0010369808172617713
348.	0.0010340116175576515
349.	0.0010310593721765539
350.	0.001028123936321784
351.	0.0010252051668407352
352.	0.0010223029222016214
353.	0.0010194170624706017
354.	0.0010165474492892946
355.	0.0010136939458526687
356.	0.0010108564168873047
357.	0.001008034728630022
358.	0.001005228748806863
359.	0.0010024383466124252
360.	0.0009996633926895382
361.	0.0009969037591092775
362.	0.0009941593193513068
363.	0.000991429948284545
364.	0.000988715522148151
365.	0.00098601591853282
366.	0.0009833310163623842
367.	0.0009806606958757146
368.	0.0009780048386089156
369.	0.0009753633273778095
370.	0.0009727360462607026
371.	0.0009701228805814302
372.	0.0009675237168926735
373.	0.0009649384429595439
374.	0.0009623669477434297
375.	0.0009598091213861014
376.	0.0009572648551940678
377.	0.0009547340416231821
378.	0.0009522165742634901
379.	0.0009497123478243191
380.	0.000947221258119599
381.	0.0009447432020534164
382.	0.0009422780776057928
383.	0.0009398257838186863
384.	0.00093738622078221
385.	0.0009349592896210657
386.	0.0009325448924811864
387.	0.0009301429325165869
388.	0.0009277533138764151
389.	0.0009253759416922044
390.	0.0009230107220653196
391.	0.0009206575620545962
392.	0.0009183163696641678
393.	0.0009159870538314788
394.	0.0009136695244154788
395.	0.0009113636921849957
396.	0.0009090694688072854
397.	0.0009067867668367522
398.	0.0009045154997038404
399.	0.0009022555817040916
400.	0.0009000069279873652
401.	0.0008977694545472207
402.	0.0008955430782104573
403.	0.0008933277166268088
404.	0.0008911232882587908
405.	0.000888929712371699
406.	0.000886746909023753
407.	0.0008845747990563867
408.	0.0008824133040846796
409.	0.0008802623464879294
410.	0.000878121849400361
411.	0.0008759917367019707
412.	0.0008738719330095049
413.	0.0008717623636675671
414.	0.0008696629547398552
415.	0.0008675736330005245
416.	0.0008654943259256744
417.	0.0008634249616849583
418.	0.0008613654691333125
419.	0.0008593157778028034
420.	0.0008572758178945918
421.	0.0008552455202710095
422.	0.0008532248164477504
423.	0.00085121363858617
424.	0.0008492119194856953
425.	0.0008472195925763399
426.	0.0008452365919113253
427.	0.0008432628521598054
428.	0.0008412983085996927
429.	0.0008393428971105836
430.	0.0008373965541667838
431.	0.000835459216830429
432.	0.0008335308227447018
433.	0.0008316113101271414
434.	0.0008297006177630473
435.	0.000827798684998971
436.	0.0008259054517362995
437.	0.0008240208584249252
438.	0.0008221448460570032
439.	0.0008202773561607926
440.	0.0008184183307945822
441.	0.0008165677125406988
442.	0.0008147254444995961
443.	0.0008128914702840238
444.	0.0008110657340132747
445.	0.00080924818030751
446.	0.00080743875428216
447.	0.0008056374015424002
448.	0.0008038440681777009
449.	0.0008020587007564492
450.	0.0008002812463206432
451.	0.0007985116523806561
452.	0.0007967498669100696
453.	0.0007949958383405757
454.	0.0007932495155569454
455.	0.0007915108478920643
456.	0.0007897797851220321
457.	0.0007880562774613274
458.	0.0007863402755580355
459.	0.0007846317304891375
460.	0.0007829305937558618
461.	0.0007812368172790949
462.	0.0007795503533948532
463.	0.000777871154849811
464.	0.0007761991747968886
465.	0.0007745343667908954
466.	0.0007728766847842298
467.	0.0007712260831226338
468.	0.0007695825165410023
469.	0.0007679459401592455
470.	0.0007663163094782041
471.	0.0007646935803756163
472.	0.0007630777091021363
473.	0.0007614686522774025
474.	0.0007598663668861561
475.	0.0007582708102744079
476.	0.0007566819401456539
477.	0.0007550997145571376
478.	0.0007535240919161604
479.	0.0007519550309764364
480.	0.0007503924908344939
481.	0.0007488364309261214
482.	0.0007472868110228573
483.	0.0007457435912285234
484.	0.0007442067319758018
485.	0.0007426761940228526
486.	0.000741151938449975
487.	0.0007396339266563077
488.	0.0007381221203565714
489.	0.0007366164815778498
490.	0.000735116972656411
491.	0.0007336235562345667
492.	0.0007321361952575703
493.	0.0007306548529705522
494.	0.0007291794929154929
495.	0.0007277100789282313
496.	0.000726246575135511
497.	0.0007247889459520605
498.	0.0007233371560777096
499.	0.0007218911704945397
500.	0.0007204509544640684
501.	0.0007190164735244681
502.	0.0007175876934878171
503.	0.0007161645804373841
504.	0.0007147471007249441
505.	0.0007133352209681273
506.	0.0007119289080477982
507.	0.0007105281291054659
508.	0.0007091328515407259
509.	0.0007077430430087302
510.	0.0007063586714176889
511.	0.0007049797049264001
512.	0.0007036061119418084
513.	0.0007022378611165925
514.	0.000700874921346781
515.	0.0006995172617693952
516.	0.0006981648517601199
517.	0.0006968176609310008
518.	0.0006954756591281685
519.	0.0006941388164295893
520.	0.0006928071031428409
521.	0.0006914804898029143
522.	0.0006901589471700415
523.	0.0006888424462275463
524.	0.0006875309581797214
525.	0.0006862244544497291
526.	0.000684922906677525
527.	0.0006836262867178073
528.	0.000682334566637987
529.	0.0006810477187161831
530.	0.0006797657154392386
531.	0.000678488529500761
532.	0.0006772161337991825
533.	0.0006759485014358438
534.	0.0006746856057130986
535.	0.0006734274201324392
536.	0.0006721739183926438
537.	0.0006709250743879432
538.	0.0006696808622062093
539.	0.0006684412561271621
540.	0.0006672062306205986
541.	0.0006659757603446395
542.	0.0006647498201439962
543.	0.0006635283850482563
544.	0.000662311430270189
545.	0.000661098931204068
546.	0.0006598908634240128
547.	0.0006586872026823499
548.	0.0006574879249079888
549.	0.0006562930062048193
550.	0.0006551024228501229
551.	0.0006539161512930042
552.	0.0006527341681528369
553.	0.0006515564502177292
554.	0.0006503829744430031
555.	0.0006492137179496923
556.	0.0006480486580230548
557.	0.0006468877721111027
558.	0.0006457310378231465
559.	0.0006445784329283559
560.	0.0006434299353543357
561.	0.0006422855231857172
562.	0.0006411451746627635
563.	0.0006400088681799914
564.	0.0006388765822848064
565.	0.0006377482956761528
566.	0.000636623987203178
567.	0.0006355036358639113
568.	0.0006343872208039556
569.	0.000633274721315194
570.	0.0006321661168345093
571.	0.000631061386942517
572.	0.000629960511362312
573.	0.0006288634699582278
574.	0.0006277702427346089
575.	0.0006266808098345962
576.	0.0006255951515389245
577.	0.000624513248264733
578.	0.0006234350805643882
579.	0.0006223606291243178
580.	0.0006212898747638587
581.	0.0006202227984341147
582.	0.0006191593812168273
583.	0.000618099604323258
584.	0.0006170434490930814
585.	0.0006159908969932899
586.	0.0006149419296171106
587.	0.0006138965286829314
588.	0.0006128546760332391
589.	0.0006118163536335688
590.	0.0006107815435714629
591.	0.0006097502280554411
592.	0.000608722389413981
593.	0.0006076980100945084
594.	0.0006066770726623989
595.	0.000605659559799988
596.	0.0006046454543055926
597.	0.0006036347390925415
598.	0.0006026273971882156
599.	0.000601623411733098
600.	0.0006006227659798338
601.	0.0005996254432922983
602.	0.0005986314271446755
603.	0.0005976407011205455
604.	0.0005966532489119803
605.	0.0005956690543186495
606.	0.000594688101246934
607.	0.0005937103737090494
608.	0.0005927358558221766
609.	0.0005917645318076027
610.	0.0005907963859898686
611.	0.0005898314027959266
612.	0.0005888695667543048
613.	0.0005879108624942806
614.	0.0005869552747450618
615.	0.0005860027883349759
616.	0.0005850533881906673
617.	0.0005841070593363021
618.	0.0005831637868927805
619.	0.0005822235560769575
620.	0.00058128635220087
621.	0.0005803521606709727
622.	0.0005794209669873803
623.	0.0005784927567431171
624.	0.0005775675156233743
625.	0.0005766452294047742
626.	0.0005757258839546416
627.	0.0005748094652302813
628.	0.0005738959592782636
629.	0.0005729853522337162
630.	0.0005720776303196224
631.	0.0005711727798461266
632.	0.0005702707872098461
633.	0.0005693716388931896
634.	0.0005684753214636812
635.	0.0005675818215732926
636.	0.0005666911259577797
637.	0.0005658032214360266
638.	0.0005649180949093952
639.	0.0005640357333610816
640.	0.0005631561238554772
641.	0.0005622792535375376
642.	0.0005614051096321554
643.	0.0005605336794435407
644.	0.0005596649503546057
645.	0.0005587989098263564
646.	0.000557935545397289
647.	0.0005570748446827925
648.	0.000556216795374556
649.	0.0005553613852399828
650.	0.0005545086021216084
651.	0.000553658433936525
652.	0.0005528108686758108
653.	0.0005519658944039643
654.	0.0005511234992583443
655.	0.0005502836714486149
656.	0.0005494463992561949
657.	0.0005486116710337137
658.	0.0005477794752044704
659.	0.0005469498002618988
660.	0.0005461226347690373
661.	0.0005452979673580034
662.	0.0005444757867294728
663.	0.0005436560816521633
664.	0.0005428388409623237
665.	0.0005420240535632264
666.	0.0005412117084246661
667.	0.0005404017945824613
668.	0.0005395943011379611
669.	0.0005387892172575569
670.	0.0005379865321721974
671.	0.0005371862351769087
672.	0.000536388315630318
673.	0.000535592762954183
674.	0.0005347995666329231
675.	0.0005340087162131569
676.	0.0005332202013032432
677.	0.0005324340115728252
678.	0.0005316501367523798
679.	0.0005308685666327704
680.	0.0005300892910648036
681.	0.0005293122999587901
682.	0.0005285375832841092
683.	0.0005277651310687767
684.	0.0005269949333990182
685.	0.0005262269804188434
686.	0.0005254612623296273
687.	0.0005246977693896922
688.	0.0005239364919138957
689.	0.0005231774202732199
690.	0.0005224205448943667
691.	0.0005216658562593545
692.	0.0005209133449051197
693.	0.0005201630014231209
694.	0.0005194148164589468
695.	0.0005186687807119281
696.	0.0005179248849347509
697.	0.0005171831199330759
698.	0.0005164434765651589
699.	0.0005157059457414754
700.	0.0005149705184243483
701.	0.0005142371856275787
702.	0.00051350593841608
703.	0.000512776767905515
704.	0.0005120496652619361
705.	0.0005113246217014285
706.	0.0005106016284897564
707.	0.0005098806769420126
708.	0.0005091617584222706
709.	0.0005084448643432395
710.	0.0005077299861659226
711.	0.0005070171153992781
712.	0.000506306243599883
713.	0.0005055973623715995
714.	0.0005048904633652451
715.	0.000504185538278264
716.	0.0005034825788544025
717.	0.0005027815768833871
718.	0.0005020825242006038
719.	0.0005013854126867821
720.	0.0005006902342676803
721.	0.0004999969809137735
722.	0.0004993056446399452
723.	0.0004986162175051797
724.	0.0004979286916122592
725.	0.0004972430591074614
726.	0.0004965593121802607
727.	0.0004958774430630319
728.	0.0004951974440307557
729.	0.0004945193074007272
730.	0.0004938430255322664
731.	0.0004931685908264315
732.	0.000492495995725734
733.	0.0004918252327138567
734.	0.0004911562943153735
735.	0.0004904891730954718
736.	0.0004898238616596769
737.	0.0004891603526535793
738.	0.000488498638762563
739.	0.00048783871271153734
740.	0.00048718056726467006
741.	0.0004865241952251229
742.	0.0004858695894347892
743.	0.00048521674277403413
744.	0.0004845656481614358
745.	0.00048391629855353013
746.	0.00048326868694455606
747.	0.00048262280636620416
748.	0.00048197864988736645
749.	0.0004813362106138886
750.	0.00048069548168832384
751.	0.0004800564562896891
752.	0.0004794191276332229
753.	0.0004787834889701454
754.	0.0004781495335874198
755.	0.00047751725480751645
756.	0.0004768866459881783
757.	0.00047625770052218806
758.	0.00047563041183713774
759.	0.00047500477339519967
760.	0.00047438077869289916
761.	0.0004737584212608894
762.	0.00047313769466372785
763.	0.00047251859249965427
764.	0.0004719011084003709
765.	0.0004712852360308239
766.	0.00047067096908898676
767.	0.0004700583013056454
768.	0.00046944722644418486
769.	0.00046883773830037775
770.	0.0004682298307021741
771.	0.0004676234975094933
772.	0.0004670187326140172
773.	0.00046641552993898486
774.	0.0004658138834389895
775.	0.00046521378709977584
776.	0.0004646152349380405
777.	0.00046401822100123247
778.	0.0004634227393673562
779.	0.00046282878414477557
780.	0.0004622363494720198
781.	0.0004616454295175903
782.	0.0004610560184797698
783.	0.0004604681105864321
784.	0.0004598817000948539
785.	0.0004592967812915276
786.	0.0004587133484919759
787.	0.0004581313960405676
788.	0.0004575509183103349
789.	0.00045697190970279196
790.	0.00045639436464775513
791.	0.0004558182776031639
792.	0.0004552436430549042
793.	0.000454670455516632
794.	0.00045409870952959903
795.	0.00045352839966247924
796.	0.0004529595205111969
797.	0.0004523920666987562
798.	0.0004518260328750713
799.	0.0004512614137167988
800.	0.0004506982039271702
801.	0.00045013639823582687
802.	0.00044957599139865546
803.	0.00044901697819762446
804.	0.0004484593534406227
805.	0.00044790311196129824
806.	0.00044734824861889904
807.	0.0004467947582981145
808.	0.0004462426359089183
809.	0.0004456918763864124
810.	0.000445142474690672
811.	0.0004445944258065921
812.	0.00044404772474373463
813.	0.0004435023665361772
814.	0.00044295834624236255
815.	0.0004424156589449494
816.	0.00044187429975066437
817.	0.00044133426379015475
818.	0.0004407955462178426
819.	0.0004402581422117798
820.	0.00043972204697350427
821.	0.000439187255727897
822.	0.0004386537637230404
823.	0.00043812156623007745
824.	0.0004375906585430722
825.	0.0004370610359788708
826.	0.0004365326938769639
827.	0.0004360056275993501
828.	0.00043547983253039993
829.	0.0004349553040767214
830.	0.00043443203766702613
831.	0.0004339100287519966
832.	0.0004333892728041541
833.	0.00043286976531772825
834.	0.0004323515018085266
835.	0.0004318344778138061
836.	0.0004313186888921444
837.	0.0004308041306233133
838.	0.000430290798608152
839.	0.00042977868846844205
840.	0.00042926779584678273
841.	0.0004287581164064674
842.	0.00042824964583136106
843.	0.00042774237982577825
844.	0.0004272363141143621
845.	0.00042673144444196453
846.	0.00042622776657352655
847.	0.00042572527629396016
848.	0.0004252239694080306
849.	0.0004247238417402397
850.	0.00042422488913470993
851.	0.0004237271074550693
852.	0.000423230492584337
853.	0.0004227350404248099
854.	0.00042224074689795
855.	0.00042174760794427233
856.	0.0004212556195232339
857.	0.0004207647776131234
858.	0.00042027507821095145
859.	0.00041978651733234196
860.	0.0004192990910114241
861.	0.00041881279530072465
862.	0.000418327626271062
863.	0.0004178435800114398
864.	0.0004173606526289422
865.	0.0004168788402486292
866.	0.0004163981390134335
867.	0.0004159185450840569
868.	0.00041544005463886884
869.	0.00041496266387380413
870.	0.00041448636900226287
871.	0.0004140111662550097
872.	0.0004135370518800749
873.	0.0004130640221426552
874.	0.0004125920733250161
875.	0.00041212120172639415
876.	0.00041165140366290054
877.	0.0004111826754674246
878.	0.0004107150134895389
879.	0.0004102484140954041
880.	0.000409782873667675
881.	0.000409318388605407
882.	0.00040885495532396333
883.	0.0004083925702549227
884.	0.000407931229845988
885.	0.0004074709305608949
886.	0.0004070116688793218
887.	0.00040655344129680024
888.	0.00040609624432462525
889.	0.00040564007448976725
890.	0.00040518492833478394
891.	0.000404730802417733
892.	0.0004042776933120854
893.	0.00040382559760663894
894.	0.000403374511905433
895.	0.00040292443282766323
896.	0.0004024753570075973
897.	0.00040202728109449095
898.	0.0004015802017525045
899.	0.0004011341156606202
900.	0.00040068901951256016
901.	0.0004002449100167043
902.	0.00039980178389600944
903.	0.00039935963788792874
904.	0.0003989184687443315
905.	0.00039847827323142367
906.	0.0003980390481296689
907.	0.00039760079023370997
908.	0.0003971634963522908
909.	0.0003967271633081791
910.	0.00039629178793808924
911.	0.00039585736709260615
912.	0.00039542389763610894
913.	0.0003949913764466958
914.	0.0003945598004161089
915.	0.0003941291664496599
916.	0.0003936994714661561
917.	0.00039327071239782696
918.	0.000392842886190251
919.	0.0003924159898022832
920.	0.00039199002020598315
921.	0.00039156497438654335
922.	0.0003911408493422181
923.	0.0003907176420842528
924.	0.0003902953496368137
925.	0.0003898739690369185
926.	0.00038945349733436656
927.	0.00038903393159167023
928.	0.00038861526888398667
929.	0.00038819750629904957
930.	0.0003877806409371019
931.	0.0003873646699108285
932.	0.0003869495903452897
933.	0.0003865353993778551
934.	0.00038612209415813737
935.	0.00038570967184792737
936.	0.0003852981296211289
937.	0.0003848874646636942
938.	0.0003844776741735598
939.	0.0003840687553605829
940.	0.0003836607054464778
941.	0.00038325352166475324
942.	0.0003828472012606498
943.	0.0003824417414910777
944.	0.00038203713962455514
945.	0.00038163339294114694
946.	0.00038123049873240366
947.	0.00038082845430130084
948.	0.00038042725696217915
949.	0.0003800269040406842
950.	0.00037962739287370753
951.	0.0003792287208093271
952.	0.0003788308852067491
953.	0.0003784338834362492
954.	0.000378037712879115
955.	0.00037764237092758815
956.	0.0003772478549848073
957.	0.00037685416246475105
958.	0.0003764612907921818
959.	0.00037606923740258927
960.	0.00037567799974213477
961.	0.0003752875752675959
962.	0.00037489796144631136
963.	0.00037450915575612596
964.	0.00037412115568533663
965.	0.000373733958732638
966.	0.0003733475624070687
967.	0.00037296196422795827
968.	0.0003725771617248734
969.	0.0003721931524375659
970.	0.0003718099339159199
971.	0.0003714275037198995
972.	0.0003710458594194978
973.	0.0003706649985946844
974.	0.00037028491883535504
975.	0.00036990561774128035
976.	0.0003695270929220555
977.	0.00036914934199704997
978.	0.0003687723625953576
979.	0.0003683961523557469
980.	0.00036802070892661196
981.	0.00036764602996592336
982.	0.0003672721131411793
983.	0.00036689895612935754
984.	0.00036652655661686696
985.	0.0003661549122995
986.	0.000365784020882385
987.	0.0003654138800799389
988.	0.00036504448761582063
989.	0.00036467584122288385
990.	0.0003643079386431313
991.	0.0003639407776276679
992.	0.0003635743559366558
993.	0.00036320867133926815
994.	0.00036284372161364396
995.	0.00036247950454684335
996.	0.0003621160179348027
997.	0.00036175325958229005
998.	0.0003613912273028611
999.	0.00036102991891881524
1000.	0.00036066933226115174
1001.	0.0003603094651695265
1002.	0.00035995031549220896
1003.	0.000359591881086039
1004.	0.0003592341598163845
1005.	0.0003588771495570989
1006.	0.000358520848190479
1007.	0.00035816525360722325
1008.	0.00035781036370639
1009.	0.00035745617639535625
1010.	0.0003571026895897762
1011.	0.0003567499012135409
1012.	0.0003563978091987371
1013.	0.0003560464114856071
1014.	0.0003556957060225086
1015.	0.00035534569076587453
1016.	0.0003549963636801738
1017.	0.0003546477227378714
1018.	0.0003542997659193893
1019.	0.00035395249121306766
1020.	0.0003536058966151258
1021.	0.0003532599801296238
1022.	0.00035291473976842416
1023.	0.0003525701735511537
1024.	0.00035222627950516573
1025.	0.00035188305566550236
1026.	0.00035154050007485697
1027.	0.0003511986107835374
1028.	0.0003508573858494284
1029.	0.0003505168233379553
1030.	0.0003501769213220473
1031.	0.00034983767788210107
1032.	0.00034949909110594464
1033.	0.00034916115908880155
1034.	0.000348823879933255
1035.	0.00034848725174921254
1036.	0.0003481512726538705
1037.	0.0003478159407716791
1038.	0.0003474812542343075
1039.	0.000347147211180609
1040.	0.00034681380975658667
1041.	0.00034648104811535897
1042.	0.00034614892441712575
1043.	0.00034581743682913417
1044.	0.00034548658352564517
1045.	0.00034515636268789984
1046.	0.0003448267725040861
1047.	0.00034449781116930564
1048.	0.0003441694768855409
1049.	0.00034384176786162227
1050.	0.0003435146823131958
1051.	0.00034318821846269034
1052.	0.0003428623745392857
1053.	0.00034253714877888056
1054.	0.00034221253942406065
1055.	0.0003418885447240669
1056.	0.0003415651629347642
1057.	0.00034124239231861006
1058.	0.00034092023114462344
1059.	0.00034059867768835374
1060.	0.00034027773023185013
1061.	0.00033995738706363104
1062.	0.0003396376464786535
1063.	0.0003393185067782831
1064.	0.0003389999662702638
1065.	0.0003386820232686881
1066.	0.0003383646760939672
1067.	0.0003380479230728014
1068.	0.000337731762538151
1069.	0.0003374161928292066
1070.	0.0003371012122913603
1071.	0.00033678681927617674
1072.	0.0003364730121413643
1073.	0.0003361597892507466
1074.	0.00033584714897423395
1075.	0.0003355350896877951
1076.	0.0003352236097734291
1077.	0.0003349127076191375
1078.	0.0003346023816188962
1079.	0.0003342926301726283
1080.	0.00033398345168617603
1081.	0.00033367484457127387
1082.	0.00033336680724552106
1083.	0.00033305933813235477
1084.	0.00033275243566102295
1085.	0.00033244609826655784
1086.	0.0003321403243897492
1087.	0.0003318351124771179
1088.	0.0003315304609808897
1089.	0.000331226368358969
1090.	0.00033092283307491264
1091.	0.00033061985359790453
1092.	0.00033031742840272936
1093.	0.00033001555596974736
1094.	0.00032971423478486873
1095.	0.0003294134633395283
1096.	0.00032911324013066033
1097.	0.0003288135636606737
1098.	0.00032851443243742665
1099.	0.00032821584497420234
1100.	0.000327917799789684
1101.	0.00032762029540793063
1102.	0.0003273233303583523
1103.	0.00032702690317568643
1104.	0.00032673101239997316
1105.	0.0003264356565765318
1106.	0.0003261408342559366
1107.	0.0003258465439939936
1108.	0.0003255527843517164
1109.	0.00032525955389530316
1110.	0.0003249668511961131
1111.	0.00032467467483064325
1112.	0.0003243830233805055
1113.	0.0003240918954324038
1114.	0.0003238012895781107
1115.	0.0003235112044144454
1116.	0.00032322163854325083
1117.	0.00032293259057137105
1118.	0.0003226440591106291
1119.	0.00032235604277780483
1120.	0.0003220685401946125
1121.	0.00032178154998767925
1122.	0.0003214950707885228
1123.	0.00032120910123352984
1124.	0.00032092363996393463
1125.	0.000320638685625797
1126.	0.0003203542368699815
1127.	0.0003200702923521356
1128.	0.0003197868507326689
1129.	0.0003195039106767319
1130.	0.0003192214708541949
1131.	0.00031893952993962746
1132.	0.00031865808661227745
1133.	0.00031837713955605053
1134.	0.0003180966874594896
1135.	0.0003178167290157543
1136.	0.0003175372629226009
1137.	0.00031725828788236205
1138.	0.0003169798026019265
1139.	0.00031670180579271935
1140.	0.0003164242961706822
1141.	0.00031614727245625316
1142.	0.0003158707333743474
1143.	0.00031559467765433736
1144.	0.0003153191040300336
1145.	0.0003150440112396652
1146.	0.0003147693980258604
1147.	0.00031449526313562785
1148.	0.0003142216053203372
1149.	0.0003139484233357003
1150.	0.00031367571594175225
1151.	0.0003134034819028327
1152.	0.00031313171998756725
1153.	0.00031286042896884865
1154.	0.0003125896076238187
1155.	0.0003123192547338495
1156.	0.0003120493690845254
1157.	0.0003117799494656247
1158.	0.00031151099467110175
1159.	0.0003112425034990687
1160.	0.00031097447475177776
1161.	0.00031070690723560327
1162.	0.0003104397997610242
1163.	0.0003101731511426063
1164.	0.00030990696019898465
1165.	0.0003096412257528462
1166.	0.0003093759466309124
1167.	0.00030911112166392204
1168.	0.0003088467496866139
1169.	0.0003085828295377098
1170.	0.0003083193600598974
1171.	0.00030805634009981373
1172.	0.0003077937685080277
1173.	0.00030753164413902396
1174.	0.00030726996585118586
1175.	0.00030700873250677914
1176.	0.0003067479429719351
1177.	0.00030648759611663466
1178.	0.0003062276908146916
1179.	0.00030596822594373653
1180.	0.0003057092003852008
1181.	0.0003054506130243003
1182.	0.0003051924627500195
1183.	0.00030493474845509546
1184.	0.00030467746903600215
1185.	0.00030442062339293473
1186.	0.0003041642104297936
1187.	0.0003039082290541691
1188.	0.00030365267817732583
1189.	0.0003033975567141874
1190.	0.00030314286358332074
1191.	0.00030288859770692114
1192.	0.0003026347580107969
1193.	0.0003023813434243543
1194.	0.00030212835288058237
1195.	0.0003018757853160381
1196.	0.0003016236396708315
1197.	0.0003013719148886106
1198.	0.00030112060991654695
1199.	0.0003008697237053208
1200.	0.0003006192552091065
1201.	0.00030036920338555816
1202.	0.0003001195671957947
1203.	0.0002998703456043861
1204.	0.00029962153757933854
1205.	0.0002993731420920806
1206.	0.0002991251581174487
1207.	0.0002988775846336732
1208.	0.00029863042062236445
1209.	0.00029838366506849864
1210.	0.0002981373169604039
1211.	0.0002978913752897467
1212.	0.0002976458390515178
1213.	0.00029740070724401885
1214.	0.00029715597886884856
1215.	0.0002969116529308891
1216.	0.000296667728438293
1217.	0.0002964242044024691
1218.	0.00029618107983806993
1219.	0.0002959383537629776
1220.	0.00029569602519829145
1221.	0.0002954540931683141
1222.	0.0002952125567005389
1223.	0.0002949714148256367
1224.	0.00029473066657744287
1225.	0.00029449031099294435
1226.	0.0002942503471122669
1227.	0.0002940107739786624
1228.	0.0002937715906384959
1229.	0.00029353279614123323
1230.	0.00029329438953942815
1231.	0.00029305636988871003
1232.	0.0002928187362477713
1233.	0.00029258148767835493
1234.	0.00029234462324524235
1235.	0.00029210814201624096
1236.	0.0002918720430621719
1237.	0.0002916363254568579
1238.	0.0002914009882771114
1239.	0.0002911660306027219
1240.	0.00029093145151644475
1241.	0.0002906972501039886
1242.	0.00029046342545400387
1243.	0.0002902299766580707
1244.	0.0002899969028106873
1245.	0.00028976420300925836
1246.	0.0002895318763540831
1247.	0.00028929992194834397
1248.	0.00028906833889809493
1249.	0.00028883712631225
1250.	0.0002886062833025719
1251.	0.00028837580898366066
1252.	0.00028814570247294213
1253.	0.00028791596289065704
1254.	0.0002876865893598495
1255.	0.00028745758100635584
1256.	0.0002872289369587939
1257.	0.0002870006563485514
1258.	0.0002867727383097753
1259.	0.00028654518197936097
1260.	0.0002863179864969408
1261.	0.0002860911510048739
1262.	0.00028586467464823494
1263.	0.0002856385565748036
1264.	0.0002854127959350539
1265.	0.0002851873918821432
1266.	0.0002849623435719023
1267.	0.0002847376501628241
1268.	0.00028451331081605385
1269.	0.000284289324695378
1270.	0.0002840656909672146
1271.	0.0002838424088006022
1272.	0.0002836194773671901
1273.	0.0002833968958412277
1274.	0.00028317466339955466
1275.	0.0002829527792215906
1276.	0.00028273124248932505
1277.	0.0002825100523873071
1278.	0.0002822892081026359
1279.	0.0002820687088249503
1280.	0.0002818485537464191
1281.	0.0002816287420617313
1282.	0.000281409272968086
1283.	0.00028119014566518283
1284.	0.0002809713593552121
1285.	0.0002807529132428453
1286.	0.00028053480653522525
1287.	0.00028031703844195663
1288.	0.00028009960817509645
1289.	0.00027988251494914454
1290.	0.00027966575798103385
1291.	0.00027944933649012144
1292.	0.0002792332496981789
1293.	0.0002790174968293829
1294.	0.0002788020771103062
1295.	0.00027858698976990806
1296.	0.00027837223403952543
1297.	0.0002781578091528634
1298.	0.00027794371434598634
1299.	0.0002777299488573088
1300.	0.0002775165119275865
1301.	0.0002773034027999071
1302.	0.0002770906207196816
1303.	0.0002768781649346352
1304.	0.0002766660346947985
1305.	0.00027645422925249864
1306.	0.0002762427478623506
1307.	0.00027603158978124857
1308.	0.0002758207542683568
1309.	0.00027561024058510135
1310.	0.00027540004799516137
1311.	0.00027519017576446047
1312.	0.00027498062316115823
1313.	0.0002747713894556415
1314.	0.0002745624739205163
1315.	0.00027435387583059893
1316.	0.0002741455944629081
1317.	0.00027393762909665604
1318.	0.0002737299790132407
1319.	0.000273522643496237
1320.	0.00027331562183138884
1321.	0.00027310891330660107
1322.	0.00027290251721193094
1323.	0.0002726964328395802
1324.	0.00027249065948388695
1325.	0.0002722851964413177
1326.	0.00027208004301045903
1327.	0.00027187519849201014
1328.	0.0002716706621887744
1329.	0.00027146643340565164
1330.	0.00027126251144963035
1331.	0.0002710588956297797
1332.	0.0002708555852572419
1333.	0.00027065257964522415
1334.	0.0002704498781089913
1335.	0.00027024747996585785
1336.	0.00027004538453518034
1337.	0.0002698435911383498
1338.	0.0002696420990987841
1339.	0.00026944090774192044
1340.	0.00026924001639520775
1341.	0.00026903942438809915
1342.	0.00026883913105204475
1343.	0.00026863913572048394
1344.	0.000268439437728838
1345.	0.000268240036414503
1346.	0.0002680409311168423
1347.	0.00026784212117717915
1348.	0.0002676436059387895
1349.	0.00026744538474689504
1350.	0.0002672474569486556
1351.	0.00026704982189316214
1352.	0.00026685247893142966
1353.	0.0002666554274163901
1354.	0.0002664586667028852
1355.	0.0002662621961476595
1356.	0.00026606601510935325
1357.	0.0002658701229484956
1358.	0.00026567451902749755
1359.	0.0002654792027106449
1360.	0.00026528417336409176
1361.	0.0002650894303558531
1362.	0.0002648949730557985
1363.	0.000264700800835645
1364.	0.00026450691306895054
1365.	0.000264313309131107
1366.	0.00026411998839933373
1367.	0.0002639269502526707
1368.	0.00026373419407197193
1369.	0.0002635417192398988
1370.	0.0002633495251409136
1371.	0.0002631576111612729
1372.	0.0002629659766890209
1373.	0.00026277462111398296
1374.	0.00026258354382775945
1375.	0.00026239274422371886
1376.	0.0002622022216969915
1377.	0.00026201197564446337
1378.	0.00026182200546476936
1379.	0.00026163231055828734
1380.	0.00026144289032713154
1381.	0.0002612537441751465
1382.	0.00026106487150790055
1383.	0.0002608762717326799
1384.	0.00026068794425848223
1385.	0.0002604998884960104
1386.	0.0002603121038576667
1387.	0.00026012458975754643
1388.	0.0002599373456114318
1389.	0.0002597503708367859
1390.	0.00025956366485274695
1391.	0.0002593772270801217
1392.	0.00025919105694138003
1393.	0.00025900515386064854
1394.	0.00025881951726370494
1395.	0.0002586341465779719
1396.	0.0002584490412325114
1397.	0.0002582642006580185
1398.	0.00025807962428681596
1399.	0.00025789531155284804
1400.	0.000257711261891675
1401.	0.0002575274747404671
1402.	0.0002573439495379991
1403.	0.0002571606857246443
1404.	0.00025697768274236907
1405.	0.000256794940034727
1406.	0.00025661245704685346
1407.	0.00025643023322545976
1408.	0.0002562482680188278
1409.	0.0002560665608768043
1410.	0.00025588511125079527
1411.	0.00025570391859376066
1412.	0.00025552298236020875
1413.	0.0002553423020061906
1414.	0.0002551618769892948
1415.	0.0002549817067686417
1416.	0.0002548017908048785
1417.	0.00025462212856017333
1418.	0.00025444271949821043
1419.	0.00025426356308418433
1420.	0.0002540846587847948
1421.	0.0002539060060682415
1422.	0.00025372760440421876
1423.	0.00025354945326391023
1424.	0.0002533715521199837
1425.	0.00025319390044658603
1426.	0.00025301649771933765
1427.	0.00025283934341532773
1428.	0.00025266243701310893
1429.	0.0002524857779926922
1430.	0.00025230936583554175
1431.	0.00025213320002456997
1432.	0.00025195728004413244
1433.	0.00025178160538002277
1434.	0.0002516061755194677
1435.	0.00025143098995112213
1436.	0.00025125604816506395
1437.	0.0002510813496527894
1438.	0.00025090689390720787
1439.	0.00025073268042263716
1440.	0.00025055870869479844
1441.	0.0002503849782208117
1442.	0.0002502114884991904
1443.	0.0002500382390298371
1444.	0.0002498652293140386
1445.	0.0002496924588544608
1446.	0.0002495199271551443
1447.	0.0002493476337214995
1448.	0.00024917557806030196
1449.	0.00024900375967968757
1450.	0.00024883217808914797
1451.	0.0002486608327995258
1452.	0.00024848972332301017
1453.	0.0002483188491731319
1454.	0.000248148209864759
1455.	0.000247977804914092
1456.	0.0002478076338386594
1457.	0.0002476376961573133
1458.	0.0002474679913902245
1459.	0.0002472985190588783
1460.	0.0002471292786860699
1461.	0.0002469602697958998
1462.	0.0002467914919137696
1463.	0.0002466229445663773
1464.	0.00024645462728171307
1465.	0.0002462865395890547
1466.	0.00024611868101896326
1467.	0.0002459510511032788
1468.	0.0002457836493751158
1469.	0.00024561647536885917
1470.	0.00024544952862015965
1471.	0.0002452828086659295
1472.	0.0002451163150443385
1473.	0.0002449500472948093
1474.	0.00024478400495801355
1475.	0.00024461818757586743
1476.	0.0002444525946915274
1477.	0.00024428722584938627
1478.	0.00024412208059506878
1479.	0.0002439571584754275
1480.	0.00024379245903853873
1481.	0.00024362798183369833
1482.	0.00024346372641141764
1483.	0.0002432996923234193
1484.	0.0002431358791226334
1485.	0.00024297228636319305
1486.	0.00024280891360043072
1487.	0.0002426457603908739
1488.	0.0002424828262922413
1489.	0.0002423201108634388
1490.	0.00024215761366455535
1491.	0.00024199533425685915
1492.	0.00024183327220279367
1493.	0.00024167142706597367
1494.	0.00024150979841118135
1495.	0.00024134838580436234
1496.	0.00024118718881262197
1497.	0.00024102620700422125
1498.	0.00024086543994857312
1499.	0.00024070488721623855
1500.	0.00024054454837892276
1501.	0.00024038442300947137
1502.	0.00024022451068186662
1503.	0.00024006481097122364
1504.	0.00023990532345378662
1505.	0.00023974604770692504
1506.	0.0002395869833091301
1507.	0.00023942812984001078
1508.	0.00023926948688029028
1509.	0.0002391110540118023
1510.	0.00023895283081748736
1511.	0.0002387948168813891
1512.	0.00023863701178865077
1513.	0.0002384794151255114
1514.	0.00023832202647930238
1515.	0.00023816484543844366
1516.	0.00023800787159244038
1517.	0.00023785110453187913
1518.	0.00023769454384842443
1519.	0.00023753818913481523
1520.	0.00023738203998486133
1521.	0.00023722609599343994
1522.	0.00023707035675649203
1523.	0.00023691482187101898
1524.	0.00023675949093507906
1525.	0.00023660436354778393
1526.	0.00023644943930929525
1527.	0.0002362947178208212
1528.	0.00023614019868461306
1529.	0.00023598588150396184
1530.	0.00023583176588319488
1531.	0.0002356778514276724
1532.	0.0002355241377437842
1533.	0.00023537062443894632
1534.	0.00023521731112159764
1535.	0.00023506419740119652
1536.	0.00023491128288821763
1537.	0.0002347585671941485
1538.	0.00023460604993148632
1539.	0.00023445373071373458
1540.	0.0002343016091553999
1541.	0.00023414968487198867
1542.	0.00023399795748000395
1543.	0.0002338464265969421
1544.	0.0002336950918412897
1545.	0.00023354395283252017
1546.	0.0002333930091910908
1547.	0.0002332422605384394
1548.	0.00023309170649698122
1549.	0.00023294134669010573
1550.	0.00023279118074217363
1551.	0.00023264120827851348
1552.	0.00023249142892541882
1553.	0.00023234184231014492
1554.	0.00023219244806090578
1555.	0.00023204324580687095
1556.	0.00023189423517816252
1557.	0.0002317454158058521
1558.	0.00023159678732195772
1559.	0.00023144834935944077
1560.	0.00023130010155220307
1561.	0.00023115204353508383
1562.	0.00023100417494385656
1563.	0.0002308564954152262
1564.	0.00023070900458682607
1565.	0.000230561702097215
1566.	0.00023041458758587426
1567.	0.00023026766069320466
1568.	0.00023012092106052372
1569.	0.00022997436833006255
1570.	0.00022982800214496314
1571.	0.00022968182214927536
1572.	0.00022953582798795406
1573.	0.00022939001930685624
1574.	0.00022924439575273825
1575.	0.0002290989569732528
1576.	0.00022895370261694613
1577.	0.00022880863233325536
1578.	0.00022866374577250543
1579.	0.00022851904258590648
1580.	0.00022837452242555092
1581.	0.0002282301849444107
1582.	0.00022808602979633457
1583.	0.0002279420566360452
1584.	0.0002277982651191366
1585.	0.00022765465490207114
1586.	0.00022751122564217705
1587.	0.00022736797699764548
1588.	0.00022722490862752803
1589.	0.00022708202019173373
1590.	0.0002269393113510267
1591.	0.00022679678176702313
1592.	0.0002266544311021889
1593.	0.00022651225901983667
1594.	0.00022637026518412337
1595.	0.00022622844926004757
1596.	0.00022608681091344668
1597.	0.00022594534981099456
1598.	0.0002258040656201987
1599.	0.00022566295800939773
1600.	0.00022552202664775882
1601.	0.000225381271205275
1602.	0.00022524069135276272
1603.	0.0002251002867618592
1604.	0.0002249600571050199
1605.	0.00022482000205551587
1606.	0.00022468012128743146
1607.	0.00022454041447566152
1608.	0.00022440088129590903
1609.	0.0002242615214246826
1610.	0.0002241223345392939
1611.	0.00022398332031785517
1612.	0.00022384447843927678
1613.	0.0002237058085832648
1614.	0.00022356731043031842
1615.	0.0002234289836617276
1616.	0.00022329082795957054
1617.	0.00022315284300671135
1618.	0.0002230150284867975
1619.	0.00022287738408425747
1620.	0.0002227399094842984
1621.	0.00022260260437290358
1622.	0.00022246546843683008
1623.	0.00022232850136360644
1624.	0.00022219170284153023
1625.	0.00022205507255966571
1626.	0.00022191861020784144
1627.	0.00022178231547664802
1628.	0.00022164618805743566
1629.	0.00022151022764231186
1630.	0.00022137443392413917
1631.	0.00022123880659653277
1632.	0.00022110334535385822
1633.	0.0002209680498912292
1634.	0.00022083291990450518
1635.	0.00022069795509028906
1636.	0.0002205631551459251
1637.	0.00022042851976949646
1638.	0.00022029404865982303
1639.	0.00022015974151645926
1640.	0.0002200255980396917
1641.	0.0002198916179305371
1642.	0.00021975780089073983
1643.	0.0002196241466227699
1644.	0.0002194906548298208
1645.	0.000219357325215807
1646.	0.0002192241574853621
1647.	0.0002190911513438365
1648.	0.00021895830649729515
1649.	0.00021882562265251553
1650.	0.00021869309951698547
1651.	0.00021856073679890086
1652.	0.00021842853420716367
1653.	0.00021829649145137977
1654.	0.00021816460824185675
1655.	0.0002180328842896019
1656.	0.00021790131930631996
1657.	0.00021776991300441115
1658.	0.00021763866509696901
1659.	0.00021750757529777833
1660.	0.00021737664332131308
1661.	0.00021724586888273423
1662.	0.0002171152516978879
1663.	0.00021698479148330311
1664.	0.0002168544879561898
1665.	0.00021672434083443677
1666.	0.00021659434983660968
1667.	0.000216464514681949
1668.	0.00021633483509036797
1669.	0.0002162053107824506
1670.	0.0002160759414794497
1671.	0.0002159467269032848
1672.	0.00021581766677654024
1673.	0.00021568876082246312
1674.	0.0002155600087649614
1675.	0.00021543141032860178
1676.	0.00021530296523860796
1677.	0.00021517467322085845
1678.	0.00021504653400188483
1679.	0.0002149185473088696
1680.	0.00021479071286964439
1681.	0.00021466303041268805
1682.	0.0002145354996671246
1683.	0.00021440812036272133
1684.	0.0002142808922298871
1685.	0.00021415381499967015
1686.	0.00021402688840375638
1687.	0.0002139001121744674
1688.	0.0002137734860447587
1689.	0.00021364700974821772
1690.	0.000213520683019062
1691.	0.0002133945055921373
1692.	0.0002132684772029158
1693.	0.00021314259758749423
1694.	0.00021301686648259196
1695.	0.00021289128362554928
1696.	0.00021276584875432546
1697.	0.000212640561607497
1698.	0.00021251542192425577
1699.	0.00021239042944440727
1700.	0.00021226558390836876
1701.	0.00021214088505716743
1702.	0.00021201633263243875
1703.	0.0002118919263764245
1704.	0.00021176766603197119
1705.	0.0002116435513425281
1706.	0.00021151958205214562
1707.	0.00021139575790547353
1708.	0.0002112720786477591
1709.	0.00021114854402484552
1710.	0.00021102515378317
1711.	0.00021090190766976215
1712.	0.00021077880543224215
1713.	0.0002106558468188192
1714.	0.00021053303157828952
1715.	0.00021041035946003497
1716.	0.00021028783021402107
1717.	0.00021016544359079548
1718.	0.00021004319934148617
1719.	0.0002099210972177999
1720.	0.00020979913697202038
1721.	0.00020967731835700663
1722.	0.0002095556411261914
1723.	0.00020943410503357945
1724.	0.0002093127098337458
1725.	0.00020919145528183427
1726.	0.00020907034113355562
1727.	0.00020894936714518616
1728.	0.00020882853307356583
1729.	0.00020870783867609678
1730.	0.00020858728371074168
1731.	0.00020846686793602213
1732.	0.00020834659111101695
1733.	0.00020822645299536067
1734.	0.00020810645334924194
1735.	0.00020798659193340188
1736.	0.00020786686850913247
1737.	0.00020774728283827503
1738.	0.00020762783468321862
1739.	0.00020750852380689846
1740.	0.00020738934997279433
1741.	0.00020727031294492904
1742.	0.00020715141248786695
1743.	0.0002070326483667122
1744.	0.00020691402034710745
1745.	0.00020679552819523206
1746.	0.00020667717167780077
1747.	0.00020655895056206203
1748.	0.00020644086461579658
1749.	0.00020632291360731582
1750.	0.00020620509730546037
1751.	0.00020608741547959857
1752.	0.0002059698678996249
1753.	0.0002058524543359586
1754.	0.000205735174559542
1755.	0.00020561802834183918
1756.	0.00020550101545483446
1757.	0.00020538413567103088
1758.	0.00020526738876344876
1759.	0.00020515077450562416
1760.	0.00020503429267160753
1761.	0.0002049179430359622
1762.	0.0002048017253737628
1763.	0.0002046856394605941
1764.	0.00020456968507254927
1765.	0.00020445386198622857
1766.	0.000204338169978738
1767.	0.00020422260882768767
1768.	0.00020410717831119055
1769.	0.00020399187820786097
1770.	0.0002038767082968132
1771.	0.00020376166835766007
1772.	0.00020364675817051157
1773.	0.0002035319775159734
1774.	0.0002034173261751456
1775.	0.0002033028039296212
1776.	0.0002031884105614848
1777.	0.00020307414585331112
1778.	0.00020296000958816375
1779.	0.00020284600154959372
1780.	0.00020273212152163803
1781.	0.00020261836928881852
1782.	0.00020250474463614026
1783.	0.00020239124734909038
1784.	0.0002022778772136366
1785.	0.00020216463401622595
1786.	0.00020205151754378343
1787.	0.00020193852758371064
1788.	0.00020182566392388447
1789.	0.00020171292635265574
1790.	0.00020160031465884794
1791.	0.00020148782863175585
1792.	0.0002013754680611443
1793.	0.0002012632327372467
1794.	0.000201151122450764
1795.	0.00020103913699286307
1796.	0.0002009272761551757
1797.	0.00020081553972979715
1798.	0.0002007039275092848
1799.	0.00020059243928665705
1800.	0.00020048107485539193
1801.	0.00020036983400942578
1802.	0.00020025871654315213
1803.	0.00020014772225142023
1804.	0.000200036850929534
1805.	0.00019992610237325062
1806.	0.00019981547637877936
1807.	0.00019970497274278022
1808.	0.00019959459126236287
1809.	0.0001994843317350852
1810.	0.00019937419395895224
1811.	0.00019926417773241488
1812.	0.00019915428285436856
1813.	0.00019904450912415215
1814.	0.00019893485634154675
1815.	0.0001988253243067743
1816.	0.00019871591282049657
1817.	0.00019860662168381382
1818.	0.00019849745069826368
1819.	0.00019838839966581983
1820.	0.00019827946838889095
1821.	0.00019817065667031942
1822.	0.00019806196431338015
1823.	0.0001979533911217795
1824.	0.00019784493689965386
1825.	0.00019773660145156876
1826.	0.00019762838458251746
1827.	0.00019752028609791992
1828.	0.0001974123058036216
1829.	0.00019730444350589226
1830.	0.00019719669901142482
1831.	0.00019708907212733425
1832.	0.0001969815626611564
1833.	0.00019687417042084675
1834.	0.00019676689521477944
1835.	0.00019665973685174598
1836.	0.00019655269514095422
1837.	0.00019644576989202717
1838.	0.00019633896091500187
1839.	0.00019623226802032825
1840.	0.00019612569101886803
1841.	0.00019601922972189363
1842.	0.00019591288394108704
1843.	0.00019580665348853865
1844.	0.0001957005381767462
1845.	0.00019559453781861372
1846.	0.0001954886522274503
1847.	0.00019538288121696915
1848.	0.00019527722460128635
1849.	0.0001951716821949199
1850.	0.00019506625381278855
1851.	0.00019496093927021078
1852.	0.0001948557383829036
1853.	0.00019475065096698167
1854.	0.00019464567683895605
1855.	0.00019454081581573318
1856.	0.0001944360677146139
1857.	0.0001943314323532923
1858.	0.00019422690954985466
1859.	0.00019412249912277848
1860.	0.0001940182008909313
1861.	0.0001939140146735698
1862.	0.00019380994029033862
1863.	0.00019370597756126942
1864.	0.00019360212630677978
1865.	0.0001934983863476722
1866.	0.00019339475750513308
1867.	0.00019329123960073165
1868.	0.0001931878324564189
1869.	0.00019308453589452675
1870.	0.00019298134973776682
1871.	0.00019287827380922958
1872.	0.00019277530793238316
1873.	0.00019267245193107252
1874.	0.00019256970562951835
1875.	0.00019246706885231611
1876.	0.00019236454142443498
1877.	0.00019226212317121692
1878.	0.00019215981391837564
1879.	0.00019205761349199563
1880.	0.00019195552171853117
1881.	0.00019185353842480533
1882.	0.00019175166343800908
1883.	0.00019164989658570014
1884.	0.0001915482376958022
1885.	0.0001914466865966038
1886.	0.00019134524311675748
1887.	0.00019124390708527867
1888.	0.00019114267833154493
1889.	0.00019104155668529476
1890.	0.00019094054197662692
1891.	0.00019083963403599915
1892.	0.00019073883269422756
1893.	0.0001906381377824854
1894.	0.0001905375491323023
1895.	0.00019043706657556327
1896.	0.0001903366899445077
1897.	0.0001902364190717286
1898.	0.00019013625379017145
1899.	0.00019003619393313345
1900.	0.00018993623933426248
1901.	0.00018983638982755625
1902.	0.00018973664524736137
1903.	0.00018963700542837237
1904.	0.0001895374702056309
1905.	0.00018943803941452467
1906.	0.00018933871289078676
1907.	0.00018923949047049441
1908.	0.00018914037199006844
1909.	0.00018904135728627214
1910.	0.00018894244619621043
1911.	0.00018884363855732898
1912.	0.00018874493420741335
1913.	0.000188646332984588
1914.	0.00018854783472731552
1915.	0.0001884494392743957
1916.	0.0001883511464649646
1917.	0.00018825295613849376
1918.	0.0001881548681347893
1919.	0.000188056882293991
1920.	0.0001879589984565715
1921.	0.00018786121646333537
1922.	0.00018776353615541832
1923.	0.00018766595737428627
1924.	0.00018756847996173452
1925.	0.00018747110375988692
1926.	0.000187373828611195
1927.	0.00018727665435843707
1928.	0.00018717958084471745
1929.	0.0001870826079134656
1930.	0.0001869857354084352
1931.	0.00018688896317370354
1932.	0.00018679229105367036
1933.	0.00018669571889305727
1934.	0.00018659924653690682
1935.	0.00018650287383058164
1936.	0.0001864066006197637
1937.	0.00018631042675045347
1938.	0.00018621435206896895
1939.	0.00018611837642194514
1940.	0.0001860224996563329
1941.	0.00018592672161939837
1942.	0.00018583104215872211
1943.	0.00018573546112219817
1944.	0.0001856399783580335
1945.	0.0001855445937147469
1946.	0.0001854493070411684
1947.	0.00018535411818643843
1948.	0.00018525902700000695
1949.	0.0001851640333316327
1950.	0.0001850691370313825
1951.	0.00018497433794963024
1952.	0.00018487963593705631
1953.	0.00018478503084464677
1954.	0.00018469052252369241
1955.	0.00018459611082578822
1956.	0.0001845017956028324
1957.	0.0001844075767070257
1958.	0.00018431345399087064
1959.	0.0001842194273071707
1960.	0.00018412549650902955
1961.	0.00018403166144985032
1962.	0.00018393792198333488
1963.	0.00018384427796348294
1964.	0.00018375072924459146
1965.	0.00018365727568125372
1966.	0.00018356391712835872
1967.	0.00018347065344109036
1968.	0.00018337748447492668
1969.	0.00018328441008563914
1970.	0.00018319143012929186
1971.	0.0001830985444622409
1972.	0.0001830057529411335
1973.	0.00018291305542290733
1974.	0.0001828204517647898
1975.	0.00018272794182429725
1976.	0.00018263552545923434
1977.	0.00018254320252769323
1978.	0.00018245097288805282
1979.	0.00018235883639897816
1980.	0.00018226679291941954
1981.	0.00018217484230861203
1982.	0.00018208298442607443
1983.	0.0001819912191316089
1984.	0.0001818995462853
1985.	0.00018180796574751405
1986.	0.00018171647737889846
1987.	0.00018162508104038099
1988.	0.00018153377659316906
1989.	0.000181442563898749
1990.	0.00018135144281888543
1991.	0.0001812604132156205
1992.	0.00018116947495127323
1993.	0.00018107862788843877
1994.	0.00018098787188998775
1995.	0.00018089720681906555
1996.	0.0001808066325390917
1997.	0.0001807161489137591
1998.	0.00018062575580703335
1999.	0.00018053545308315208
2000.	0.00018044524060662436