1.	0.020951049845654327
1.1	0.020969465788717747
1.2	0.020968278791515648
1.3	0.020948879159065664
1.4	0.02091259183151151
1.5	0.02086067879648522
1.6	0.02079434129251886
1.7	0.020714721845766275
1.8	0.020622906174686956
1.9	0.020519924990394813
2.	0.020406755714405287
2.1	0.020284324130717235
2.2	0.020153505985579797
2.3	0.02001512854581403
2.4	0.019869972124968077
2.5	0.019718771585603447
2.6	0.019562217825346524
2.7	0.01940095925373498
2.8	0.019235603266148555
2.9	0.019066717720125123
3.	0.01889483241809433
3.1	0.018720440599050734
3.2	0.018544000440024706
3.3	0.018365936566507344
3.4	0.018186641569365315
3.5	0.018006477524349838
3.6	0.017825777509142892
3.7	0.017644847112043692
3.8	0.017463965925898123
3.9	0.017283389020703494
4.	0.017103348388448025
5.	0.015369667257720746
6.	0.013821652672190389
7.	0.012484722938404908
8.	0.011343347914456932
9.	0.010369921528069523
10.	0.009536414971484391
11.	0.008818264850980055
12.	0.008195134173888766
13.	0.0076505677803387845
14.	0.007171352537613174
15.	0.006746878864656295
16.	0.006368594765528301
17.	0.0060295664864347225
18.	0.005724134184976835
19.	0.005447644926099888
20.	0.005196246176272095
21.	0.004966725802820504
22.	0.004756387581030383
23.	0.004562953788409602
24.	0.004384488513154541
25.	0.004219336872616577
26.	0.00406607651871818
27.	0.0039234786899316814
28.	0.003790476727765031
29.	0.003666140467373146
30.	0.0035496552803453386
31.	0.0034403048250565395
32.	0.0033374567698371722
33.	0.003240550913930997
34.	0.0031490892534738234
35.	0.0030626276338789225
36.	0.0029807687029515906
37.	0.0029031559358879667
38.	0.002829468547851974
39.	0.0027594171449240104
40.	0.002692739992026541
41.	0.0026291997985845137
42.	0.002568580940413723
43.	0.0025106870505987146
44.	0.002455338923655622
45.	0.002402372686641266
46.	0.002351638198508958
47.	0.002302997645268582
48.	0.0022563243036546896
49.	0.0022115014502555722
50.	0.0021684213965781573
51.	0.002126984633453436
52.	0.002087099070633063
53.	0.0020486793594766796
54.	0.0020116462883515694
55.	0.001975926241818128
56.	0.0019414507159025364
57.	0.0019081558827996085
58.	0.0018759821992347864
59.	0.0018448740534701147
60.	0.0018147794465855052
61.	0.0017856497042210199
62.	0.0017574392154425505
63.	0.0017301051958040663
64.	0.001703607472034479
65.	0.0016779082860844433
66.	0.001652972116535066
67.	0.0016287655156023884
68.	0.0016052569601736056
69.	0.0015824167154874713
70.	0.001560216710225756
71.	0.0015386304219180123
72.	0.0015176327716808044
73.	0.0014972000274171924
74.	0.0014773097146944837
75.	0.00145794053459971
76.	0.0014390722879443118
77.	0.0014206858052533244
78.	0.0014027628820309887
79.	0.0013852862188450242
80.	0.0013682393658165939
81.	0.0013516066711429118
82.	0.0013353732333150844
83.	0.0013195248567256265
84.	0.0013040480103886118
85.	0.0012889297895209751
86.	0.001274157879756419
87.	0.001259720523783993
88.	0.0012456064902219587
89.	0.001231805044554261
90.	0.001218305921971991
91.	0.0012050993019758415
92.	0.001192175784607844
93.	0.0011795263681918127
94.	0.0011671424284720132
95.	0.0011550156990487
96.	0.0011431382530174951
97.	0.001131502485727106
98.	0.0011201010985767577
99.	0.0011089270837809622
100.	0.0010979737100349466
101.	0.0010872345090192598
102.	0.0010767032626868246
103.	0.0010663739912800444
104.	0.0010562409420295361
105.	0.0010462985784897051
106.	0.0010365415704696999
107.	0.0010269647845213422
108.	0.001017563274948436
109.	0.0010083322753044275
110.	0.00099926719034776
111.	0.0009903635884264495
112.	0.0009816171942654058
113.	0.0009730238821318801
114.	0.0009645796693561191
115.	0.0009562807101858821
116.	0.0009481232899549298
117.	0.0009401038195469342
118.	0.0009322188301375038
119.	0.0009244649681981636
120.	0.0009168389907471954
121.	0.0009093377608332287
122.	0.0009019582432383868
123.	0.0008946975003886401
124.	0.0008875526884598065
125.	0.0008805210536683672
126.	0.0008735999287369505
127.	0.0008667867295249635
128.	0.0008600789518154419
129.	0.0008534741682497351
130.	0.0008469700254021544
131.	0.0008405642409871859
132.	0.0008342546011923148
133.	0.0008280389581299214
134.	0.0008219152274020931
135.	0.0008158813857725595
136.	0.0008099354689402958
137.	0.0008040755694096517
138.	0.0007982998344521603
139.	0.000792606464155457
140.	0.0007869937095549968
141.	0.0007814598708445005
142.	0.0007760032956612865
143.	0.000770622377442859
144.	0.0007653155538513231
145.	0.0007600813052623827
146.	0.0007549181533158545
147.	0.0007498246595247989
148.	0.000744799423940517
149.	0.0007398410838708188
150.	0.0007349483126490951
151.	0.0007301198184518636
152.	0.0007253543431625728
153.	0.0007206506612795718
154.	0.0007160075788662509
155.	0.0007114239325414703
156.	0.0007068985885084816
157.	0.000702430441620643
158.	0.0006980184144823117
159.	0.0006936614565833776
160.	0.0006893585434659803
161.	0.0006851086759220211
162.	0.0006809108792201507
163.	0.0006767642023609785
164.	0.0006726677173593068
165.	0.0006686205185522557
166.	0.0006646217219321931
167.	0.0006606704645034406
168.	0.000656765903661772
169.	0.0006529072165957667
170.	0.0006490935997091287
171.	0.0006453242680631149
172.	0.000641598454838265
173.	0.0006379154108146567
174.	0.0006342744038699452
175.	0.0006306747184944836
176.	0.0006271156553228486
177.	0.0006235965306811281
178.	0.0006201166761493546
179.	0.0006166754381384989
180.	0.0006132721774814596
181.	0.0006099062690375122
182.	0.0006065771013097041
183.	0.0006032840760747037
184.	0.0006000266080246333
185.	0.0005968041244204362
186.	0.0005936160647563453
187.	0.0005904618804350425
188.	0.0005873410344531134
189.	0.000584253001096418
190.	0.0005811972656450135
191.	0.000578173324087286
192.	0.0005751806828429515
193.	0.000572218858494612
194.	0.0005692873775275574
195.	0.0005663857760775196
196.	0.0005635135996860972
197.	0.0005606704030635798
198.	0.0005578557498589129
199.	0.0005550692124365514
200.	0.0005523103716599656
201.	0.000549578816681567
202.	0.0005468741447388337
203.	0.0005441959609564238
204.	0.0005415438781540711
205.	0.0005389175166600678
206.	0.0005363165041301464
207.	0.0005337404753715774
208.	0.0005311890721723104
209.	0.0005286619431349892
210.	0.0005261587435156801
211.	0.0005236791350671589
212.	0.0005212227858866046
213.	0.0005187893702675588
214.	0.0005163785685560098
215.	0.0005139900670104695
216.	0.0005116235576659132
217.	0.0005092787382014594
218.	0.0005069553118116699
219.	0.0005046529870813553
220.	0.0005023714778637745
221.	0.0005001105031621221
222.	0.0004978697870142003
223.	0.0004956490583801753
224.	0.0004934480510333242
225.	0.0004912665034536774
226.	0.0004891041587244689
227.	0.00048696076443130904
228.	0.00048483607256399446
229.	0.0004827298394208771
230.	0.0004806418255157134
231.	0.00047857179548692043
232.	0.00047651951800916487
233.	0.00047448476570721704
234.	0.00047246731507200116
235.	0.00047046694637877765
236.	0.0004684834436073942
237.	0.0004665165943645447
238.	0.0004645661898079779
239.	0.0004626320245725983
240.	0.0004607138966984048
241.	0.00045881160756021394
242.	0.00045692496179911636
243.	0.0004550537672556168
244.	0.0004531978349044095
245.	0.0004513569787907428
246.	0.0004495310159683279
247.	0.0004477197664387476
248.	0.0004459230530923241
249.	0.000444140701650404
250.	0.0004423725406090216
251.	0.0004406184011839018
252.	0.00043887811725676633
253.	0.0004371515253229064
254.	0.0004354384644399882
255.	0.0004337387761780563
256.	0.00043205230457070366
257.	0.00043037889606737577
258.	0.0004287183994867785
259.	0.00042707066597135986
260.	0.00042543554894283774
261.	0.0004238129040587441
262.	0.00042220258916996037
263.	0.0004206044642792163
264.	0.0004190183915005279
265.	0.00041744423501954955
266.	0.0004158818610548155
267.	0.00041433113781984873
268.	0.0004127919354861143
269.	0.0004112641261467946
270.	0.0004097475837813661
271.	0.00040824218422095686
272.	0.00040674780511446446
273.	0.00040526432589541527
274.	0.000403791627749546
275.	0.0004023295935830894
276.	0.00040087810799174626
277.	0.00039943705723032626
278.	0.0003980063291830415
279.	0.00039658581333443547
280.	0.0003951754007409326
281.	0.0003937749840029923
282.	0.000392384457237853
283.	0.0003910037160528515
284.	0.00038963265751930316
285.	0.0003882711801469302
286.	0.00038691918385882335
287.	0.00038557656996692543
288.	0.00038424324114802265
289.	0.00038291910142023306
290.	0.0003816040561199787
291.	0.0003802980118794305
292.	0.0003790008766044154
293.	0.0003777125594527729
294.	0.00037643297081315226
295.	0.00037516202228423854
296.	0.00037389962665439864
297.	0.00037264569788173575
298.	0.00037140015107454494
299.	0.0003701629024721583
300.	0.00036893386942617206
301.	0.00036771297038204633
302.	0.0003665001248610687
303.	0.00036529525344267393
304.	0.00036409827774711056
305.	0.00036290912041844764
306.	0.0003617277051079131
307.	0.0003605539564575562
308.	0.0003593878000842276
309.	0.0003582291625638685
310.	0.00035707797141610296
311.	0.0003559341550891265
312.	0.00035479764294488376
313.	0.0003536683652445293
314.	0.0003525462531341653
315.	0.0003514312386308496
316.	0.0003503232546088685
317.	0.0003492222347862681
318.	0.0003481281137116395
319.	0.0003470408267511504
320.	0.0003459603100758202
321.	0.000344886500649031
322.	0.000343819336214271
323.	0.0003427587552831044
324.	0.0003417046971233638
325.	0.0003406571017475584
326.	0.0003396159099014967
327.	0.00033858106305311526
328.	0.0003375525033815124
329.	0.00033653017376618024
330.	0.0003355140177764326
331.	0.0003345039796610229
332.	0.0003335000043379499
333.	0.00033250203738444556
334.	0.00033151002502714315
335.	0.00033052391413241944
336.	0.0003295436521969101
337.	0.0003285691873381924
338.	0.00032760046828563303
339.	0.00032663744437139733
340.	0.00032568006552161663
341.	0.00032472828224771016
342.	0.0003237820456378591
343.	0.00032284130734862895
344.	0.00032190601959673743
345.	0.0003209761351509652
346.	0.0003200516073242063
347.	0.00031913238996565576
348.	0.00031821843745313095
349.	0.00031730970468552477
350.	0.00031640614707538803
351.	0.00031550772054163745
352.	0.00031461438150238844
353.	0.00031372608686790833
354.	0.00031284279403368946
355.	0.0003119644608736384
356.	0.00031109104573337953
357.	0.0003102225074236715
358.	0.0003093588052139325
359.	0.0003084998988258744
360.	0.000307645748427242
361.	0.00030679631462565644
362.	0.0003059515584625596
363.	0.00030511144140725927
364.	0.0003042759253510712
365.	0.0003034449726015576
366.	0.00030261854587685966
367.	0.0003017966083001226
368.	0.0003009791233940107
369.	0.0003001660550753124
370.	0.0002993573676496311
371.	0.0002985530258061626
372.	0.00029775299461255646
373.	0.0002969572395098589
374.	0.0002961657263075377
375.	0.00029537842117858545
376.	0.0002945952906547014
377.	0.00029381630162154937
378.	0.00029304142131409067
379.	0.0002922706173119909
380.	0.0002915038575350988
381.	0.00029074111023899617
382.	0.00028998234401061767
383.	0.0002892275277639386
384.	0.00028847663073573005
385.	0.0002877296224813801
386.	0.00028698647287077973
387.	0.00028624715208427204
388.	0.00028551163060866437
389.	0.0002847798792333012
390.	0.00028405186904619786
391.	0.0002833275714302329
392.	0.0002826069580593988
393.	0.0002818900008951098
394.	0.0002811766721825654
395.	0.00028046694444716945
396.	0.00027976079049100294
397.	0.0002790581833893502
398.	0.00027835909648727693
399.	0.0002776635033962601
400.	0.00027697137799086765
401.	0.0002762826944054881
402.	0.00027559742703110875
403.	0.00027491555051214155
404.	0.0002742370397432962
405.	0.0002735618698664993
406.	0.00027289001626785883
407.	0.0002722214545746733
408.	0.0002715561606524851
409.	0.000270894110602176
410.	0.00027023528075710633
411.	0.00026957964768029464
412.	0.00026892718816163907
413.	0.0002682778792151785
414.	0.00026763169807639356
415.	0.0002669886221995465
416.	0.00026634862925505916
417.	0.00026571169712692863
418.	0.0002650778039101802
419.	0.00026444692790835594
420.	0.0002638190476310401
421.	0.00026319414179141863
422.	0.0002625721893038738
423.	0.00026195316928161324
424.	0.0002613370610343314
425.	0.00026072384406590493
426.	0.0002601134980721199
427.	0.000259506002938431
428.	0.0002589013387377521
429.	0.00025829948572827734
430.	0.00025770042435133324
431.	0.00025710413522925956
432.	0.0002565105991633207
433.	0.00025591979713164494
434.	0.00025533171028719275
435.	0.00025474631995575273
436.	0.000254163607633965
437.	0.0002535835549873722
438.	0.00025300614384849617
439.	0.0002524313562149417
440.	0.00025185917424752586
441.	0.00025128958026843223
442.	0.00025072255675939064
443.	0.00025015808635988143
444.	0.0002495961518653638
445.	0.0002490367362255278
446.	0.00024847982254257026
447.	0.00024792539406949326
448.	0.0002473734342084256
449.	0.00024682392650896695
450.	0.0002462768546665531
451.	0.00024573220252084403
452.	0.00024518995405413245
453.	0.0002446500933897738
454.	0.0002441126047906367
455.	0.00024357747265757424
456.	0.00024304468152791452
457.	0.00024251421607397186
458.	0.0002419860611015767
459.	0.0002414602015486253
460.	0.00024093662248364774
461.	0.00024041530910439495
462.	0.00023989624673644383
463.	0.0002393794208318204
464.	0.0002388648169676407
465.	0.00023835242084476943
466.	0.00023784221828649532
467.	0.000237334195237224
468.	0.00023682833776118725
469.	0.00023632463204116883
470.	0.0002358230643772465
471.	0.00023532362118555008
472.	0.00023482628899703528
473.	0.00023433105445627285
474.	0.00023383790432025326
475.	0.0002333468254572063
476.	0.00023285780484543557
477.	0.00023237082957216763
478.	0.00023188588683241534
479.	0.00023140296392785577
480.	0.00023092204826572182
481.	0.0002304431273577077
482.	0.000229966188818888
483.	0.0002294912203666502
484.	0.00022901820981964042
485.	0.00022854714509672194
486.	0.0002280780142159468
487.	0.00022761080529354002
488.	0.0002271455065428961
489.	0.000226682106273588
490.	0.00022622059289038803
491.	0.00022576095489230087
492.	0.00022530318087160827
493.	0.0002248472595129253
494.	0.0002243931795922681
495.	0.00022394092997613283
496.	0.00022349049962058591
497.	0.00022304187757036492
498.	0.0002225950529579907
499.	0.00022215001500288953
500.	0.0002217067530105266
501.	0.0002212652563715491
502.	0.00022082551456093985
503.	0.0002203875171371811
504.	0.00021995125374142798
505.	0.00021951671409669216
506.	0.0002190838880070346
507.	0.00021865276535676834
508.	0.00021822333610967042
509.	0.00021779559030820318
510.	0.0002173695180727446
511.	0.00021694510960082767
512.	0.0002165223551663889
513.	0.00021610124511902505
514.	0.0002156817698832592
515.	0.00021526391995781478
516.	0.00021484768591489828
517.	0.0002144330583994904
518.	0.00021402002812864496
519.	0.00021360858589079633
520.	0.0002131987225450747
521.	0.00021279042902062903
522.	0.000212383696315958
523.	0.00021197851549824856
524.	0.00021157487770272196
525.	0.00021117277413198728
526.	0.00021077219605540238
527.	0.00021037313480844194
528.	0.00020997558179207298
529.	0.00020957952847213698
530.	0.0002091849663787394
531.	0.000208791887105646
532.	0.00020840028230968566
533.	0.0002080101437101603
534.	0.00020762146308826116
535.	0.00020723423228649173
536.	0.00020684844320809708
537.	0.00020646408781649952
538.	0.00020608115813474062
539.	0.0002056996462449294
540.	0.00020531954428769651
541.	0.0002049408444616548
542.	0.0002045635390228653
543.	0.00020418762028430966
544.	0.00020381308061536801
545.	0.00020343991244130272
546.	0.00020306810824274773
547.	0.00020269766055520358
548.	0.00020232856196853788
549.	0.00020196080512649122
550.	0.00020159438272618848
551.	0.00020122928751765552
552.	0.000200865512303341
553.	0.00020050304993764336
554.	0.00020014189332644305
555.	0.00019978203542663975
556.	0.00019942346924569447
557.	0.00019906618784117666
558.	0.00019871018432031633
559.	0.00019835545183956053
560.	0.00019800198360413513
561.	0.00019764977286761083
562.	0.000197298812931474
563.	0.00019694909714470206
564.	0.0001966006189033434
565.	0.00019625337165010156
566.	0.00019590734887392413
567.	0.00019556254410959566
568.	0.00019521895093733518
569.	0.00019487656298239762
570.	0.0001945353739146797
571.	0.0001941953774483298
572.	0.00019385656734136191
573.	0.00019351893739527382
574.	0.0001931824814546689
575.	0.00019284719340688228
576.	0.00019251306718161046
577.	0.00019218009675054515
578.	0.00019184827612701068
579.	0.0001915175993656053
580.	0.00019118806056184586
581.	0.00019085965385181678
582.	0.0001905323734118219
583.	0.00019020621345804044
584.	0.00018988116824618622
585.	0.00018955723207117052
586.	0.0001892343992667682
587.	0.0001889126642052875
588.	0.00018859202129724282
589.	0.00018827246499103135
590.	0.00018795398977261235
591.	0.00018763659016519024
592.	0.00018732026072890056
593.	0.00018700499606049927
594.	0.00018669079079305508
595.	0.00018637763959564483
596.	0.00018606553717305218
597.	0.00018575447826546908
598.	0.00018544445764820026
599.	0.00018513547013137075
600.	0.00018482751055963635
601.	0.00018452057381189682
602.	0.0001842146548010121
603.	0.00018390974847352126
604.	0.0001836058498093642
605.	0.00018330295382160627
606.	0.00018300105555616532
607.	0.00018270015009154178
608.	0.0001824002325385512
609.	0.0001821012980400594
610.	0.00018180334177072028
611.	0.00018150635893671632
612.	0.00018121034477550132
613.	0.00018091529455554591
614.	0.00018062120357608552
615.	0.00018032806716687067
616.	0.00018003588068791977
617.	0.00017974463952927428
618.	0.0001794543391107564
619.	0.00017916497488172886
620.	0.00017887654232085715
621.	0.00017858903693587409
622.	0.00017830245426334664
623.	0.00017801678986844482
624.	0.0001777320393447131
625.	0.00017744819831384367
626.	0.0001771652624254523
627.	0.00017688322735685577
628.	0.00017660208881285197
629.	0.0001763218425255018
630.	0.00017604248425391313
631.	0.00017576400978402704
632.	0.00017548641492840582
633.	0.00017520969552602307
634.	0.00017493384744205593
635.	0.00017465886656767892
636.	0.00017438474881986026
637.	0.00017411149014115942
638.	0.00017383908649952725
639.	0.00017356753388810746
640.	0.00017329682832504032
641.	0.0001730269658532679
642.	0.00017275794254034132
643.	0.00017248975447822987
644.	0.00017222239778313158
645.	0.00017195586859528581
646.	0.00017169016307878762
647.	0.00017142527742140365
648.	0.00017116120783438978
649.	0.00017089795055231057
650.	0.0001706355018328603
651.	0.0001703738579566856
652.	0.00017011301522720971
653.	0.00016985296997045854
654.	0.00016959371853488803
655.	0.0001693352572912134
656.	0.0001690775826322396
657.	0.0001688206909726937
658.	0.00016856457874905842
659.	0.0001683092424194076
660.	0.0001680546784632427
661.	0.00016780088338133112
662.	0.0001675478536955458
663.	0.0001672955859487065
664.	0.00016704407670442212
665.	0.00016679332254693484
666.	0.00016654332008096543
667.	0.00016629406593156006
668.	0.00016604555674393833
669.	0.0001657977891833429
670.	0.00016555075993489015
671.	0.00016530446570342256
672.	0.00016505890321336214
673.	0.00016481406920856504
674.	0.0001645699604521779
675.	0.000164326573726495
676.	0.00016408390583281707
677.	0.000163841953591311
678.	0.000163600713840871
679.	0.00016336018343898103
680.	0.0001631203592615782
681.	0.00016288123820291762
682.	0.00016264281717543838
683.	0.00016240509310963048
684.	0.00016216806295390334
685.	0.00016193172367445508
686.	0.00016169607225514308
687.	0.00016146110569735577
688.	0.00016122682101988537
689.	0.00016099321525880187
690.	0.000160760285467328
691.	0.0001605280287157153
692.	0.00016029644209112143
693.	0.00016006552269748816
694.	0.00015983526765542093
695.	0.00015960567410206898
696.	0.00015937673919100677
697.	0.00015914846009211633
698.	0.00015892083399147067
699.	0.00015869385809121815
700.	0.0001584675296094679
701.	0.00015824184578017603
702.	0.0001580168038530331
703.	0.00015779240109335235
704.	0.0001575686347819589
705.	0.0001573455022150799
706.	0.0001571230007042358
707.	0.00015690112757613215
708.	0.00015667988017255266
709.	0.00015645925585025305
710.	0.0001562392519808558
711.	0.00015601986595074568
712.	0.00015580109516096635
713.	0.0001555829370271177
714.	0.00015536538897925414
715.	0.00015514844846178355
716.	0.00015493211293336732
717.	0.00015471637986682116
718.	0.00015450124674901657
719.	0.00015428671108078335
720.	0.00015407277037681277
721.	0.00015385942216556166
722.	0.00015364666398915718
723.	0.00015343449340330244
724.	0.000153222907977183
725.	0.00015301190529337384
726.	0.00015280148294774754
727.	0.00015259163854938274
728.	0.00015238236972047378
729.	0.00015217367409624074
730.	0.00015196554932484047
731.	0.00015175799306727823
732.	0.00015155100299732002
733.	0.00015134457680140566
734.	0.00015113871217856275
735.	0.000150933406840321
736.	0.00015072865851062752
737.	0.00015052446492576265
738.	0.00015032082383425668
739.	0.00015011773299680693
740.	0.00014991519018619576
741.	0.00014971319318720914
742.	0.00014951173979655592
743.	0.00014931082782278763
744.	0.00014911045508621916
745.	0.00014891061941884985
746.	0.00014871131866428525
747.	0.0001485125506776597
748.	0.00014831431332555924
749.	0.00014811660448594543
750.	0.00014791942204807947
751.	0.00014772276391244728
752.	0.00014752662799068475
753.	0.00014733101220550405
754.	0.00014713591449062017
755.	0.0001469413327906782
756.	0.00014674726506118106
757.	0.00014655370926841814
758.	0.000146360663389394
759.	0.000146168125411758
760.	0.00014597609333373443
761.	0.000145784565164053
762.	0.00014559353892188014
763.	0.0001454030126367507
764.	0.00014521298434850015
765.	0.00014502345210719734
766.	0.00014483441397307787
767.	0.00014464586801647792
768.	0.00014445781231776854
769.	0.0001442702449672905
770.	0.00014408316406528974
771.	0.0001438965677218531
772.	0.00014371045405684485
773.	0.00014352482119984333
774.	0.00014333966729007853
775.	0.00014315499047636967
776.	0.00014297078891706375
777.	0.00014278706077997417
778.	0.00014260380424232003
779.	0.00014242101749066581
780.	0.00014223869872086173
781.	0.00014205684613798414
782.	0.00014187545795627673
783.	0.00014169453239909222
784.	0.00014151406769883406
785.	0.00014133406209689917
786.	0.00014115451384362056
787.	0.00014097542119821086
788.	0.00014079678242870592
789.	0.000140618595811909
790.	0.0001404408596333354
791.	0.0001402635721871575
792.	0.00014008673177615008
793.	0.00013991033671163625
794.	0.00013973438531343375
795.	0.0001395588759098014
796.	0.00013938380683738635
797.	0.00013920917644117152
798.	0.00013903498307442336
799.	0.00013886122509864008
800.	0.00013868790088350044
801.	0.00013851500880681254
802.	0.0001383425472544634
803.	0.0001381705146203686
804.	0.0001379989093064225
805.	0.00013782772972244873
806.	0.0001376569742861511
807.	0.00013748664142306476
808.	0.0001373167295665079
809.	0.00013714723715753377
810.	0.00013697816264488278
811.	0.0001368095044849354
812.	0.00013664126114166513
813.	0.00013647343108659176
814.	0.00013630601279873524
815.	0.00013613900476456964
816.	0.00013597240547797755
817.	0.00013580621344020478
818.	0.00013564042715981557
819.	0.00013547504515264773
820.	0.00013531006594176857
821.	0.00013514548805743082
822.	0.00013498131003702904
823.	0.0001348175304250562
824.	0.00013465414777306083
825.	0.00013449116063960411
826.	0.00013432856759021776
827.	0.00013416636719736164
828.	0.00013400455804038223
829.	0.00013384313870547102
830.	0.00013368210778562332
831.	0.0001335214638805975
832.	0.0001333612055968743
833.	0.00013320133154761656
834.	0.00013304184035262926
835.	0.0001328827306383197
836.	0.0001327240010376582
837.	0.0001325656501901389
838.	0.00013240767674174077
839.	0.00013225007934488924
840.	0.00013209285665841767
841.	0.00013193600734752952
842.	0.00013177953008376036
843.	0.00013162342354494048
844.	0.00013146768641515764
845.	0.00013131231738472014
846.	0.00013115731515012
847.	0.0001310026784139966
848.	0.00013084840588510038
849.	0.0001306944962782571
850.	0.00013054094831433188
851.	0.00013038776072019401
852.	0.0001302349322286816
853.	0.00013008246157856677
854.	0.0001299303475145208
855.	0.00012977858878707982
856.	0.00012962718415261056
857.	0.0001294761323732763
858.	0.0001293254322170033
859.	0.00012917508245744716
860.	0.00012902508187395955
861.	0.0001288754292515553
862.	0.0001287261233808795
863.	0.00012857716305817498
864.	0.00012842854708524983
865.	0.0001282802742694455
866.	0.00012813234342360464
867.	0.0001279847533660397
868.	0.0001278375029205012
869.	0.0001276905909161466
870.	0.0001275440161875093
871.	0.0001273977775744678
872.	0.000127251873922215
873.	0.00012710630408122798
874.	0.00012696106690723762
875.	0.00012681616126119878
876.	0.0001266715860092604
877.	0.00012652734002273604
878.	0.00012638342217807439
879.	0.0001262398313568302
880.	0.00012609656644563524
881.	0.00012595362633616958
882.	0.00012581100992513293
883.	0.00012566871611421635
884.	0.000125526743810074
885.	0.00012538509192429513
886.	0.00012524375937337628
887.	0.00012510274507869374
888.	0.0001249620479664759
889.	0.00012482166696777623
890.	0.00012468160101844605
891.	0.0001245418490591077
892.	0.0001244024100351279
893.	0.000124263282896591
894.	0.00012412446659827294
895.	0.00012398596009961481
896.	0.00012384776236469701
897.	0.00012370987236221334
898.	0.00012357228906544537
899.	0.000123435011452237
900.	0.00012329803850496908
901.	0.0001231613692105343
902.	0.0001230250025603122
903.	0.0001228889375501444
904.	0.00012275317318030988
905.	0.00012261770845550056
906.	0.00012248254238479692
907.	0.00012234767398164396
908.	0.00012221310226382697
909.	0.00012207882625344795
910.	0.00012194484497690176
911.	0.00012181115746485259
912.	0.00012167776275221067
913.	0.00012154465987810898
914.	0.0001214118478858802
915.	0.0001212793258230338
916.	0.00012114709274123323
917.	0.00012101514769627336
918.	0.00012088348974805797
919.	0.00012075211796057741
920.	0.00012062103140188646
921.	0.00012049022914408224
922.	0.00012035971026328238
923.	0.00012022947383960323
924.	0.00012009951895713822
925.	0.00011996984470393648
926.	0.00011984045017198142
927.	0.00011971133445716955
928.	0.00011958249665928948
929.	0.00011945393588200095
930.	0.00011932565123281404
931.	0.00011919764182306855
932.	0.00011906990676791345
933.	0.00011894244518628653
934.	0.00011881525620089408
935.	0.00011868833893819083
936.	0.00011856169252835991
937.	0.00011843531610529301
938.	0.00011830920880657058
939.	0.0001181833697734423
940.	0.0001180577981508075
941.	0.00011793249308719587
942.	0.00011780745373474812
943.	0.00011768267924919696
944.	0.00011755816878984803
945.	0.00011743392151956104
946.	0.00011730993660473104
947.	0.0001171862132152697
948.	0.00011706275052458685
949.	0.00011693954770957207
950.	0.00011681660395057636
951.	0.00011669391843139401
952.	0.00011657149033924447
953.	0.00011644931886475452
954.	0.00011632740320194026
955.	0.00011620574254818958
956.	0.00011608433610424441
957.	0.00011596318307418324
958.	0.0001158422826654038
959.	0.00011572163408860569
960.	0.00011560123655777324
961.	0.00011548108929015845
962.	0.00011536119150626401
963.	0.00011524154242982644
964.	0.00011512214128779936
965.	0.00011500298731033682
966.	0.00011488407973077677
967.	0.0001147654177856246
968.	0.0001146470007145368
969.	0.00011452882776030476
970.	0.00011441089816883856
971.	0.000114293211189151
972.	0.00011417576607334164
973.	0.00011405856207658089
974.	0.00011394159845709436
975.	0.00011382487447614719
976.	0.00011370838939802842
977.	0.00011359214249003566
978.	0.00011347613302245962
979.	0.00011336036026856888
980.	0.00011324482350459475
981.	0.00011312952200971609
982.	0.00011301445506604446
983.	0.0001128996219586091
984.	0.00011278502197534217
985.	0.00011267065440706405
986.	0.00011255651854746867
987.	0.00011244261369310902
988.	0.00011232893914338262
989.	0.00011221549420051724
990.	0.0001121022781695566
991.	0.00011198929035834613
992.	0.00011187653007751894
993.	0.00011176399664048175
994.	0.00011165168936340095
995.	0.00011153960756518878
996.	0.00011142775056748956
997.	0.00011131611769466599
998.	0.00011120470827378553
999.	0.00011109352163460693
1000.	0.00011098255710956672
1001.	0.00011087181403376591
1002.	0.0001107612917449567
1003.	0.00011065098958352925
1004.	0.00011054090689249858
1005.	0.00011043104301749152
1006.	0.00011032139730673374
1007.	0.0001102119691110369
1008.	0.00011010275778378575
1009.	0.0001099937626809255
1010.	0.00010988498316094908
1011.	0.00010977641858488458
1012.	0.00010966806831628277
1013.	0.00010955993172120461
1014.	0.00010945200816820892
1015.	0.00010934429702834008
1016.	0.0001092367976751158
1017.	0.00010912950948451502
1018.	0.00010902243183496576
1019.	0.00010891556410733322
1020.	0.0001088089056849077
1021.	0.00010870245595339292
1022.	0.00010859621430089408
1023.	0.00010849018011790614
1024.	0.00010838435279730233
1025.	0.00010827873173432233
1026.	0.00010817331632656092
1027.	0.00010806810597395645
1028.	0.00010796310007877952
1029.	0.00010785829804562153
1030.	0.00010775369928138361
1031.	0.00010764930319526527
1032.	0.00010754510919875335
1033.	0.00010744111670561099
1034.	0.00010733732513186653
1035.	0.00010723373389580273
1036.	0.00010713034241794574
1037.	0.00010702715012105443
1038.	0.00010692415643010956
1039.	0.00010682136077230317
1040.	0.00010671876257702788
1041.	0.0001066163612758664
1042.	0.00010651415630258099
1043.	0.00010641214709310306
1044.	0.00010631033308552276
1045.	0.00010620871372007871
1046.	0.00010610728843914765
1047.	0.00010600605668723435
1048.	0.00010590501791096138
1049.	0.0001058041715590591
1050.	0.00010570351708235559
1051.	0.00010560305393376666
1052.	0.00010550278156828601
1053.	0.00010540269944297532
1054.	0.00010530280701695445
1055.	0.00010520310375139172
1056.	0.00010510358910949423
1057.	0.00010500426255649818
1058.	0.00010490512355965934
1059.	0.00010480617158824349
1060.	0.00010470740611351699
1061.	0.00010460882660873731
1062.	0.0001045104325491437
1063.	0.00010441222341194791
1064.	0.00010431419867632481
1065.	0.00010421635782340337
1066.	0.00010411870033625732
1067.	0.00010402122569989618
1068.	0.00010392393340125611
1069.	0.00010382682292919098
1070.	0.00010372989377446343
1071.	0.00010363314542973584
1072.	0.00010353657738956166
1073.	0.00010344018915037647
1074.	0.00010334398021048929
1075.	0.00010324795007007385
1076.	0.00010315209823115997
1077.	0.0001030564241976249
1078.	0.0001029609274751848
1079.	0.00010286560757138623
1080.	0.00010277046399559763
1081.	0.00010267549625900102
1082.	0.00010258070387458347
1083.	0.00010248608635712891
1084.	0.00010239164322320978
1085.	0.00010229737399117882
1086.	0.00010220327818116087
1087.	0.00010210935531504476
1088.	0.00010201560491647514
1089.	0.00010192202651084455
1090.	0.00010182861962528526
1091.	0.00010173538378866142
1092.	0.0001016423185315611
1093.	0.0001015494233862884
1094.	0.00010145669788685564
1095.	0.00010136414156897555
1096.	0.00010127175397005352
1097.	0.0001011795346291799
1098.	0.00010108748308712235
1099.	0.00010099559888631821
1100.	0.00010090388157086688
1101.	0.00010081233068652232
1102.	0.00010072094578068558
1103.	0.00010062972640239726
1104.	0.00010053867210233015
1105.	0.00010044778243278182
1106.	0.00010035705694766737
1107.	0.00010026649520251198
1108.	0.00010017609675444377
1109.	0.00010008586116218657
1110.	0.00009999578798605266
1111.	0.00009990587678793575
1112.	0.00009981612713130376
1113.	0.00009972653858119182
1114.	0.00009963711070419525
1115.	0.00009954784306846251
1116.	0.00009945873524368834
1117.	0.00009936978680110677
1118.	0.00009928099731348425
1119.	0.00009919236635511287
1120.	0.00009910389350180349
1121.	0.00009901557833087898
1122.	0.00009892742042116756
1123.	0.00009883941935299599
1124.	0.00009875157470818302
1125.	0.0000986638860700327
1126.	0.0000985763530233278
1127.	0.00009848897515432328
1128.	0.00009840175205073975
1129.	0.00009831468330175701
1130.	0.00009822776849800755
1131.	0.0000981410072315702
1132.	0.0000980543990959637
1133.	0.00009796794368614037
1134.	0.00009788164059847979
1135.	0.00009779548943078253
1136.	0.00009770948978226391
1137.	0.00009762364125354772
1138.	0.00009753794344666015
1139.	0.00009745239596502352
1140.	0.00009736699841345027
1141.	0.0000972817503981368
1142.	0.00009719665152665744
1143.	0.00009711170140795843
1144.	0.00009702689965235197
1145.	0.00009694224587151017
1146.	0.00009685773967845919
1147.	0.00009677338068757333
1148.	0.0000966891685145692
1149.	0.00009660510277649977
1150.	0.00009652118309174872
1151.	0.00009643740908002455
1152.	0.00009635378036235487
1153.	0.0000962702965610807
1154.	0.00009618695729985079
1155.	0.00009610376220361592
1156.	0.00009602071089862331
1157.	0.00009593780301241106
1158.	0.00009585503817380245
1159.	0.00009577241601290059
1160.	0.00009568993616108273
1161.	0.00009560759825099491
1162.	0.00009552540191654641
1163.	0.0000954433467929044
1164.	0.0000953614325164885
1165.	0.00009527965872496541
1166.	0.00009519802505724361
1167.	0.00009511653115346796
1168.	0.00009503517665501451
1169.	0.00009495396120448518
1170.	0.00009487288444570253
1171.	0.00009479194602370459
1172.	0.00009471114558473961
1173.	0.000094630482776261
1174.	0.00009454995724692213
1175.	0.00009446956864657126
1176.	0.00009438931662624641
1177.	0.00009430920083817046
1178.	0.0000942292209357459
1179.	0.00009414937657355006
1180.	0.00009406966740732996
1181.	0.00009399009309399748
1182.	0.00009391065329162437
1183.	0.00009383134765943739
1184.	0.0000937521758578134
1185.	0.00009367313754827456
1186.	0.00009359423239348347
1187.	0.00009351546005723837
1188.	0.00009343682020446842
1189.	0.00009335831250122884
1190.	0.00009327993661469631
1191.	0.00009320169221316417
1192.	0.00009312357896603777
1193.	0.00009304559654382986
1194.	0.0000929677446181559
1195.	0.00009289002286172945
1196.	0.00009281243094835763
1197.	0.00009273496855293649
1198.	0.00009265763535144653
1199.	0.0000925804310209482
1200.	0.00009250335523957732
1201.	0.00009242640768654063
1202.	0.00009234958804211142
1203.	0.00009227289598762501
1204.	0.00009219633120547438
1205.	0.0000921198933791058
1206.	0.00009204358219301443
1207.	0.00009196739733274
1208.	0.00009189133848486253
1209.	0.00009181540533699791
1210.	0.0000917395975777938
1211.	0.00009166391489692522
1212.	0.00009158835698509038
1213.	0.0000915129235340065
1214.	0.00009143761423640554
1215.	0.00009136242878603009
1216.	0.00009128736687762917
1217.	0.00009121242820695417
1218.	0.00009113761247075465
1219.	0.00009106291936677431
1220.	0.00009098834859374693
1221.	0.00009091389985139223
1222.	0.00009083957284041198
1223.	0.00009076536726248585
1224.	0.0000906912828202675
1225.	0.00009061731921738064
1226.	0.00009054347615841492
1227.	0.0000904697533489222
1228.	0.00009039615049541251
1229.	0.00009032266730535017
1230.	0.00009024930348714994
1231.	0.00009017605875017318
1232.	0.00009010293280472394
1233.	0.00009002992536204521
1234.	0.0000899570361343151
1235.	0.00008988426483464305
1236.	0.00008981161117706608
1237.	0.000089739074876545
1238.	0.00008966665564896075
1239.	0.00008959435321111065
1240.	0.0000895221672807047
1241.	0.00008945009757636193
1242.	0.00008937814381760675
1243.	0.00008930630572486527
1244.	0.00008923458301946174
1245.	0.00008916297542361486
1246.	0.0000890914826604343
1247.	0.00008902010445391706
1248.	0.00008894884052894391
1249.	0.00008887769061127593
1250.	0.0000888066544275509
1251.	0.00008873573170527986
1252.	0.00008866492217284361
1253.	0.00008859422555948924
1254.	0.00008852364159532668
1255.	0.00008845317001132525
1256.	0.00008838281053931029
1257.	0.0000883125629119597
1258.	0.00008824242686280057
1259.	0.00008817240212620586
1260.	0.00008810248843739099
1261.	0.0000880326855324105
1262.	0.00008796299314815478
1263.	0.00008789341102234671
1264.	0.0000878239388935384
1265.	0.0000877545765011079
1266.	0.00008768532358525599
1267.	0.00008761617988700283
1268.	0.00008754714514818486
1269.	0.00008747821911145147
1270.	0.0000874094015202619
1271.	0.000087340692118882
1272.	0.00008727209065238106
1273.	0.0000872035968666287
1274.	0.00008713521050829166
1275.	0.0000870669313248308
1276.	0.00008699875906449783
1277.	0.00008693069347633236
1278.	0.00008686273431015871
1279.	0.00008679488131658293
1280.	0.00008672713424698972
1281.	0.00008665949285353935
1282.	0.0000865919568891647
1283.	0.00008652452610756825
1284.	0.00008645720026321901
1285.	0.00008638997911134963
1286.	0.00008632286240795339
1287.	0.00008625584990978126
1288.	0.00008618894137433892
1289.	0.00008612213655988394
1290.	0.00008605543522542273
1291.	0.00008598883713070775
1292.	0.00008592234203623459
1293.	0.00008585594970323906
1294.	0.0000857896598936944
1295.	0.00008572347237030843
1296.	0.00008565738689652061
1297.	0.00008559140323649938
1298.	0.00008552552115513926
1299.	0.00008545974041805805
1300.	0.0000853940607915941
1301.	0.00008532848204280355
1302.	0.00008526300393945747
1303.	0.00008519762625003926
1304.	0.00008513234874374184
1305.	0.00008506717119046495
1306.	0.00008500209336081243
1307.	0.00008493711502608957
1308.	0.00008487223595830041
1309.	0.00008480745593014504
1310.	0.000084742774715017
1311.	0.00008467819208700062
1312.	0.00008461370782086836
1313.	0.00008454932169207824
1314.	0.00008448503347677118
1315.	0.00008442084295176845
1316.	0.0000843567498945691
1317.	0.00008429275408334732
1318.	0.00008422885529694993
1319.	0.00008416505331489383
1320.	0.00008410134791736348
1321.	0.00008403773888520833
1322.	0.00008397422599994033
1323.	0.00008391080904373142
1324.	0.0000838474877994111
1325.	0.00008378426205046387
1326.	0.00008372113158102676
1327.	0.00008365809617588696
1328.	0.00008359515562047929
1329.	0.0000835323097008838
1330.	0.00008346955820382336
1331.	0.0000834069009166612
1332.	0.00008334433762739857
1333.	0.0000832818681246723
1334.	0.00008321949219775244
1335.	0.00008315720963653989
1336.	0.00008309502023156403
1337.	0.0000830329237739804
1338.	0.00008297092005556833
1339.	0.0000829090088687286
1340.	0.00008284719000648121
1341.	0.00008278546326246296
1342.	0.00008272382843092525
1343.	0.00008266228530673167
1344.	0.00008260083368535589
1345.	0.00008253947336287928
1346.	0.00008247820413598865
1347.	0.00008241702580197409
1348.	0.00008235593815872666
1349.	0.00008229494100473616
1350.	0.00008223403413908898
1351.	0.00008217321736146582
1352.	0.00008211249047213956
1353.	0.00008205185327197303
1354.	0.00008199130556241684
1355.	0.00008193084714550721
1356.	0.00008187047782386385
1357.	0.00008181019740068775
1358.	0.00008175000567975908
1359.	0.00008168990246543509
1360.	0.0000816298875626479
1361.	0.00008156996077690251
1362.	0.00008151012191427457
1363.	0.00008145037078140839
1364.	0.00008139070718551481
1365.	0.00008133113093436914
1366.	0.00008127164183630908
1367.	0.00008121223970023269
1368.	0.00008115292433559634
1369.	0.00008109369555241263
1370.	0.00008103455316124841
1371.	0.00008097549697322278
1372.	0.00008091652680000497
1373.	0.0000808576424538125
1374.	0.00008079884374740901
1375.	0.00008074013049410244
1376.	0.00008068150250774293
1377.	0.00008062295960272094
1378.	0.0000805645015939652
1379.	0.00008050612829694088
1380.	0.00008044783952764753
1381.	0.0000803896351026172
1382.	0.00008033151483891254
1383.	0.00008027347855412484
1384.	0.00008021552606637215
1385.	0.00008015765719429734
1386.	0.00008009987175706625
1387.	0.00008004216957436581
1388.	0.00007998455046640213
1389.	0.00007992701425389863
1390.	0.00007986956075809426
1391.	0.00007981218980074152
1392.	0.00007975490120410473
1393.	0.00007969769479095814
1394.	0.0000796405703845841
1395.	0.00007958352780877126
1396.	0.00007952656688781276
1397.	0.0000794696874465044
1398.	0.00007941288931014289
1399.	0.000079356172304524
1400.	0.00007929953625594083
1401.	0.00007924298099118199
1402.	0.00007918650633752991
1403.	0.000079130112122759
1404.	0.00007907379817513393
1405.	0.00007901756432340791
1406.	0.00007896141039682093
1407.	0.000078905336225098
1408.	0.00007884934163844753
1409.	0.00007879342646755948
1410.	0.00007873759054360379
1411.	0.00007868183369822856
1412.	0.00007862615576355844
1413.	0.00007857055657219293
1414.	0.00007851503595720466
1415.	0.00007845959375213776
1416.	0.00007840422979100621
1417.	0.00007834894390829213
1418.	0.00007829373593894418
1419.	0.00007823860571837587
1420.	0.00007818355308246399
1421.	0.00007812857786754693
1422.	0.00007807367991042304
1423.	0.00007801885904834912
1424.	0.00007796411511903865
1425.	0.00007790944796066036
1426.	0.0000778548574118365
1427.	0.0000778003433116413
1428.	0.00007774590549959945
1429.	0.0000776915438156844
1430.	0.00007763725810031693
1431.	0.00007758304819436345
1432.	0.00007752891393913457
1433.	0.00007747485517638347
1434.	0.00007742087174830438
1435.	0.00007736696349753107
1436.	0.00007731313026713528
1437.	0.00007725937190062522
1438.	0.00007720568824194406
1439.	0.00007715207913546841
1440.	0.00007709854442600681
1441.	0.00007704508395879824
1442.	0.00007699169757951062
1443.	0.00007693838513423935
1444.	0.0000768851464695058
1445.	0.00007683198143225585
1446.	0.00007677888986985847
1447.	0.00007672587163010412
1448.	0.00007667292656120347
1449.	0.00007662005451178585
1450.	0.00007656725533089781
1451.	0.00007651452886800171
1452.	0.00007646187497297431
1453.	0.00007640929349610526
1454.	0.00007635678428809577
1455.	0.00007630434720005718
1456.	0.00007625198208350951
1457.	0.00007619968879038009
1458.	0.00007614746717300216
1459.	0.00007609531708411349
1460.	0.00007604323837685497
1461.	0.00007599123090476927
1462.	0.00007593929452179942
1463.	0.00007588742908228748
1464.	0.00007583563444097317
1465.	0.00007578391045299247
1466.	0.00007573225697387637
1467.	0.00007568067385954941
1468.	0.00007562916096632843
1469.	0.0000755777181509212
1470.	0.00007552634527042505
1471.	0.00007547504218232563
1472.	0.00007542380874449553
1473.	0.000075372644815193
1474.	0.00007532155025306061
1475.	0.00007527052491712401
1476.	0.00007521956866679054
1477.	0.00007516868136184802
1478.	0.00007511786286246344
1479.	0.00007506711302918165
1480.	0.00007501643172292414
1481.	0.0000749658188049877
1482.	0.00007491527413704325
1483.	0.00007486479758113445
1484.	0.00007481438899967657
1485.	0.00007476404825545516
1486.	0.00007471377521162487
1487.	0.00007466356973170813
1488.	0.00007461343167959397
1489.	0.00007456336091953677
1490.	0.00007451335731615507
1491.	0.0000744634207344303
1492.	0.0000744135510397056
1493.	0.00007436374809768457
1494.	0.00007431401177443013
1495.	0.00007426434193636324
1496.	0.00007421473845026177
1497.	0.0000741652011832593
1498.	0.00007411573000284385
1499.	0.00007406632477685685
1500.	0.00007401698537349183
1501.	0.0000739677116612933
1502.	0.00007391850350915557
1503.	0.00007386936078632163
1504.	0.00007382028336238195
1505.	0.00007377127110727329
1506.	0.00007372232389127766
1507.	0.00007367344158502107
1508.	0.00007362462405947245
1509.	0.00007357587118594246
1510.	0.00007352718283608246
1511.	0.00007347855888188325
1512.	0.00007342999919567408
1513.	0.00007338150365012143
1514.	0.00007333307211822793
1515.	0.0000732847044733313
1516.	0.00007323640058910316
1517.	0.000073188160339548
1518.	0.00007313998359900206
1519.	0.00007309187024213222
1520.	0.00007304382014393494
1521.	0.00007299583317973517
1522.	0.00007294790922518527
1523.	0.00007290004815626393
1524.	0.00007285224984927511
1525.	0.00007280451418084698
1526.	0.00007275684102793083
1527.	0.00007270923026780005
1528.	0.00007266168177804904
1529.	0.0000726141954365922
1530.	0.00007256677112166283
1531.	0.00007251940871181217
1532.	0.00007247210808590829
1533.	0.00007242486912313508
1534.	0.00007237769170299126
1535.	0.00007233057570528926
1536.	0.00007228352101015433
1537.	0.0000722365274980234
1538.	0.00007218959504964414
1539.	0.00007214272354607395
1540.	0.00007209591286867892
1541.	0.00007204916289913282
1542.	0.0000720024735194162
1543.	0.00007195584461181527
1544.	0.00007190927605892098
1545.	0.00007186276774362803
1546.	0.00007181631954913388
1547.	0.00007176993135893774
1548.	0.00007172360305683969
1549.	0.00007167733452693961
1550.	0.00007163112565363624
1551.	0.00007158497632162627
1552.	0.0000715388864159033
1553.	0.00007149285582175695
1554.	0.00007144688442477187
1555.	0.00007140097211082681
1556.	0.00007135511876609369
1557.	0.00007130932427703658
1558.	0.0000712635885304109
1559.	0.00007121791141326237
1560.	0.0000711722928129261
1561.	0.00007112673261702573
1562.	0.00007108123071347243
1563.	0.00007103578699046402
1564.	0.00007099040133648403
1565.	0.00007094507364030085
1566.	0.00007089980379096671
1567.	0.0000708545916778169
1568.	0.00007080943719046877
1569.	0.00007076434021882088
1570.	0.0000707193006530521
1571.	0.00007067431838362069
1572.	0.00007062939330126347
1573.	0.0000705845252969949
1574.	0.00007053971426210615
1575.	0.00007049496008816433
1576.	0.00007045026266701152
1577.	0.00007040562189076396
1578.	0.00007036103765181113
1579.	0.00007031650984281493
1580.	0.00007027203835670882
1581.	0.00007022762308669689
1582.	0.00007018326392625311
1583.	0.00007013896076912042
1584.	0.00007009471350930985
1585.	0.00007005052204109974
1586.	0.0000700063862590349
1587.	0.00006996230605792567
1588.	0.00006991828133284723
1589.	0.00006987431197913865
1590.	0.00006983039789240213
1591.	0.00006978653896850212
1592.	0.00006974273510356456
1593.	0.000069698986193976
1594.	0.0000696552921363828
1595.	0.00006961165282769037
1596.	0.00006956806816506225
1597.	0.00006952453804591943
1598.	0.00006948106236793943
1599.	0.00006943764102905558
1600.	0.00006939427392745618
1601.	0.00006935096096158371
1602.	0.00006930770203013405
1603.	0.00006926449703205568
1604.	0.0000692213458665489
1605.	0.00006917824843306503
1606.	0.00006913520463130567
1607.	0.00006909221436122184
1608.	0.00006904927752301331
1609.	0.00006900639401712775
1610.	0.00006896356374425997
1611.	0.00006892078660535122
1612.	0.00006887806250158832
1613.	0.000068835391334403
1614.	0.00006879277300547105
1615.	0.00006875020741671166
1616.	0.00006870769447028658
1617.	0.00006866523406859943
1618.	0.00006862282611429494
1619.	0.00006858047051025818
1620.	0.00006853816715961384
1621.	0.0000684959159657255
1622.	0.00006845371683219486
1623.	0.00006841156966286107
1624.	0.00006836947436179992
1625.	0.00006832743083332317
1626.	0.0000682854389819778
1627.	0.00006824349871254532
1628.	0.00006820160993004097
1629.	0.0000681597725397131
1630.	0.00006811798644704242
1631.	0.00006807625155774123
1632.	0.00006803456777775284
1633.	0.0000679929350132507
1634.	0.00006795135317063785
1635.	0.00006790982215654612
1636.	0.00006786834187783546
1637.	0.00006782691224159324
1638.	0.0000677855331551336
1639.	0.00006774420452599665
1640.	0.00006770292626194793
1641.	0.0000676616982709776
1642.	0.00006762052046129978
1643.	0.00006757939274135196
1644.	0.00006753831501979419
1645.	0.00006749728720550849
1646.	0.00006745630920759815
1647.	0.00006741538093538708
1648.	0.00006737450229841907
1649.	0.00006733367320645724
1650.	0.00006729289356948325
1651.	0.00006725216329769675
1652.	0.00006721148230151465
1653.	0.00006717085049157048
1654.	0.00006713026777871373
1655.	0.00006708973407400926
1656.	0.0000670492492887365
1657.	0.00006700881333438903
1658.	0.00006696842612267369
1659.	0.00006692808756551011
1660.	0.00006688779757503001
1661.	0.00006684755606357655
1662.	0.00006680736294370372
1663.	0.0000667672181281757
1664.	0.0000667271215299662
1665.	0.00006668707306225788
1666.	0.00006664707263844169
1667.	0.00006660712017211626
1668.	0.00006656721557708727
1669.	0.00006652735876736683
1670.	0.00006648754965717286
1671.	0.0000664477881609285
1672.	0.00006640807419326144
1673.	0.0000663684076690034
1674.	0.00006632878850318942
1675.	0.00006628921661105733
1676.	0.00006624969190804707
1677.	0.00006621021430980019
1678.	0.00006617078373215917
1679.	0.00006613140009116683
1680.	0.00006609206330306577
1681.	0.00006605277328429774
1682.	0.0000660135299515031
1683.	0.00006597433322152012
1684.	0.00006593518301138456
1685.	0.00006589607923832892
1686.	0.00006585702181978196
1687.	0.00006581801067336807
1688.	0.00006577904571690674
1689.	0.00006574012686841191
1690.	0.00006570125404609147
1691.	0.00006566242716834662
1692.	0.00006562364615377136
1693.	0.0000655849109211519
1694.	0.00006554622138946606
1695.	0.00006550757747788273
1696.	0.00006546897910576132
1697.	0.0000654304261926512
1698.	0.0000653919186582911
1699.	0.00006535345642260862
1700.	0.0000653150394057196
1701.	0.00006527666752792759
1702.	0.00006523834070972339
1703.	0.00006520005887178435
1704.	0.0000651618219349739
1705.	0.00006512362982034104
1706.	0.00006508548244911973
1707.	0.0000650473797427284
1708.	0.00006500932162276934
1709.	0.00006497130801102825
1710.	0.00006493333882947366
1711.	0.00006489541400025637
1712.	0.00006485753344570897
1713.	0.00006481969708834529
1714.	0.00006478190485085985
1715.	0.00006474415665612738
1716.	0.00006470645242720223
1717.	0.00006466879208731791
1718.	0.00006463117555988653
1719.	0.00006459360276849832
1720.	0.00006455607363692105
1721.	0.00006451858808909956
1722.	0.00006448114604915528
1723.	0.00006444374744138562
1724.	0.00006440639219026352
1725.	0.00006436908022043699
1726.	0.0000643318114567285
1727.	0.00006429458582413453
1728.	0.00006425740324782507
1729.	0.00006422026365314313
1730.	0.00006418316696560419
1731.	0.00006414611311089575
1732.	0.00006410910201487682
1733.	0.0000640721336035774
1734.	0.00006403520780319804
1735.	0.00006399832454010928
1736.	0.00006396148374085127
1737.	0.00006392468533213312
1738.	0.00006388792924083256
1739.	0.0000638512153939954
1740.	0.00006381454371883505
1741.	0.000063777914142732
1742.	0.00006374132659323343
1743.	0.00006370478099805263
1744.	0.00006366827728506863
1745.	0.00006363181538232562
1746.	0.00006359539521803255
1747.	0.00006355901672056264
1748.	0.0000635226798184529
1749.	0.00006348638444040366
1750.	0.00006345013051527812
1751.	0.00006341391797210188
1752.	0.00006337774674006247
1753.	0.00006334161674850891
1754.	0.0000633055279269512
1755.	0.00006326948020505991
1756.	0.00006323347351266573
1757.	0.00006319750777975894
1758.	0.00006316158293648907
1759.	0.00006312569891316433
1760.	0.00006308985564025126
1761.	0.0000630540530483742
1762.	0.00006301829106831492
1763.	0.00006298256963101208
1764.	0.00006294688866756087
1765.	0.00006291124810921257
1766.	0.000062875647887374
1767.	0.0000628400879336072
1768.	0.00006280456817962892
1769.	0.00006276908855731024
1770.	0.00006273364899867609
1771.	0.00006269824943590481
1772.	0.00006266288980132774
1773.	0.00006262757002742882
1774.	0.00006259229004684406
1775.	0.00006255704979236125
1776.	0.0000625218491969194
1777.	0.00006248668819360842
1778.	0.0000624515667156686
1779.	0.00006241648469649028
1780.	0.00006238144206961339
1781.	0.00006234643876872697
1782.	0.00006231147472766888
1783.	0.00006227654988042528
1784.	0.00006224166416113023
1785.	0.00006220681750406532
1786.	0.00006217200984365921
1787.	0.00006213724111448725
1788.	0.00006210251125127106
1789.	0.00006206782018887812
1790.	0.00006203316786232135
1791.	0.00006199855420675872
1792.	0.00006196397915749287
1793.	0.00006192944264997063
1794.	0.0000618949446197827
1795.	0.00006186048500266324
1796.	0.0000618260637344894
1797.	0.00006179168075128098
1798.	0.00006175733598920006
1799.	0.00006172302938455052
1800.	0.00006168876087377773
1801.	0.00006165453039346812
1802.	0.00006162033788034878
1803.	0.00006158618327128709
1804.	0.00006155206650329031
1805.	0.00006151798751350521
1806.	0.0000614839462392177
1807.	0.00006144994261785241
1808.	0.00006141597658697231
1809.	0.00006138204808427837
1810.	0.00006134815704760911
1811.	0.00006131430341494028
1812.	0.00006128048712438449
1813.	0.00006124670811419075
1814.	0.00006121296632274418
1815.	0.00006117926168856558
1816.	0.00006114559415031113
1817.	0.00006111196364677191
1818.	0.0000610783701168736
1819.	0.00006104481349967613
1820.	0.000061011293734373246
1821.	0.000060977810760292184
1822.	0.0000609443645168933
1823.	0.000060910954943769694
1824.	0.000060877581980646854
1825.	0.00006084424556738229
1826.	0.00006081094564396519
1827.	0.000060777682150516017
1828.	0.00006074445502728621
1829.	0.000060711264214657764
1830.	0.00006067810965314293
1831.	0.00006064499128338381
1832.	0.000060611909046152046
1833.	0.000060578862882348434
1834.	0.00006054585273300259
1835.	0.000060512878539272594
1836.	0.000060479940242444634
1837.	0.00006044703778393267
1838.	0.000060414171105278087
1839.	0.000060381340148149336
1840.	0.00006034854485434158
1841.	0.000060315785165776405
1842.	0.000060283061024501396
1843.	0.00006025037237268986
1844.	0.000060217719152640456
1845.	0.000060185101306776865
1846.	0.000060152518777647443
1847.	0.000060119971507924894
1848.	0.00006008745944040592
1849.	0.00006005498251801091
1850.	0.000060022540683783575
1851.	0.00005999013388089065
1852.	0.000059957762052621515
1853.	0.00005992542514238792
1854.	0.000059893123093723607
1855.	0.000059860855850284014
1856.	0.000059828623355845935
1857.	0.00005979642555430718
1858.	0.00005976426238968628
1859.	0.00005973213380612213
1860.	0.0000597000397478737
1861.	0.00005966798015931968
1862.	0.000059635954984958165
1863.	0.00005960396416940637
1864.	0.000059572007657400245
1865.	0.00005954008539379423
1866.	0.000059508197323560886
1867.	0.0000594763433917906
1868.	0.00005944452354369125
1869.	0.000059412737724587934
1870.	0.0000593809858799226
1871.	0.00005934926795525378
1872.	0.000059317583896256264
1873.	0.000059285933648720774
1874.	0.00005925431715855368
1875.	0.00005922273437177667
1876.	0.00005919118523452646
1877.	0.00005915966969305448
1878.	0.00005912818769372657
1879.	0.00005909673918302267
1880.	0.00005906532410753653
1881.	0.000059033942413975385
1882.	0.00005900259404915969
1883.	0.00005897127896002278
1884.	0.0000589399970936106
1885.	0.00005890874839708138
1886.	0.000058877532817705374
1887.	0.00005884635030286452
1888.	0.000058815200800052176
1889.	0.000058784084256872826
1890.	0.000058753000621041756
1891.	0.00005872194984038479
1892.	0.00005869093186283799
1893.	0.00005865994663644736
1894.	0.00005862899410936857
1895.	0.00005859807422986664
1896.	0.00005856718694631569
1897.	0.00005853633220719861
1898.	0.00005850550996110681
1899.	0.0000584747201567399
1900.	0.00005844396274290545
1901.	0.000058413237668518666
1902.	0.00005838254488260212
1903.	0.00005835188433428548
1904.	0.00005832125597280521
1905.	0.0000582906597475043
1906.	0.000058260095607831996
1907.	0.0000582295635033435
1908.	0.000058199063383699706
1909.	0.000058168595198666926
1910.	0.0000581381588981166
1911.	0.00005810775443202504
1912.	0.00005807738175047314
1913.	0.000058047040803646115
1914.	0.00005801673154183322
1915.	0.00005798645391542748
1916.	0.000057956207874925415
1917.	0.00005792599337092679
1918.	0.00005789581035413432
1919.	0.00005786565877535342
1920.	0.00005783553858549193
1921.	0.00005780544973555985
1922.	0.00005777539217666907
1923.	0.00005774536586003312
1924.	0.00005771537073696689
1925.	0.000057685406758886374
1926.	0.000057655473877308395
1927.	0.00005762557204385037
1928.	0.00005759570121023003
1929.	0.00005756586132826517
1930.	0.00005753605234987337
1931.	0.000057506274227071756
1932.	0.00005747652691197675
1933.	0.000057446810356803773
1934.	0.000057417124513867054
1935.	0.000057387469335579316
1936.	0.00005735784477445154
1937.	0.00005732825078309273
1938.	0.00005729868731420963
1939.	0.000057269154320606495
1940.	0.000057239651755184834
1941.	0.00005721017957094316
1942.	0.00005718073772097673
1943.	0.00005715132615847732
1944.	0.00005712194483673293
1945.	0.00005709259370912761
1946.	0.00005706327272914115
1947.	0.00005703398185034884
1948.	0.00005700472102642128
1949.	0.000056975490211124056
1950.	0.00005694628935831756
1951.	0.000056917118421956734
1952.	0.000056887977356090786
1953.	0.00005685886611486301
1954.	0.00005682978465251051
1955.	0.000056800732923363945
1956.	0.000056771710881847355
1957.	0.00005674271848247783
1958.	0.00005671375567986537
1959.	0.000056684822428712557
1960.	0.000056655918683814384
1961.	0.000056627044400058
1962.	0.00005659819953242247
1963.	0.00005656938403597852
1964.	0.00005654059786588837
1965.	0.00005651184097740543
1966.	0.0000564831133258741
1967.	0.00005645441486672954
1968.	0.000056425745555497435
1969.	0.000056397105347793764
1970.	0.00005636849419932458
1971.	0.00005633991206588576
1972.	0.0000563113589033628
1973.	0.00005628283466773059
1974.	0.000056254339315053154
1975.	0.00005622587280148346
1976.	0.0000561974350832632
1977.	0.00005616902611672252
1978.	0.00005614064585827983
1979.	0.00005611229426444159
1980.	0.00005608397129180208
1981.	0.000056055676897043135
1982.	0.00005602741103693401
1983.	0.000055999173668331076
1984.	0.000055970964748177655
1985.	0.00005594278423350377
1986.	0.000055914632081425944
1987.	0.00005588650824914698
1988.	0.000055858412693955743
1989.	0.00005583034537322694
1990.	0.0000558023062444209
1991.	0.00005577429526508338
1992.	0.000055746312392845314
1993.	0.000055718357585422655
1994.	0.000055690430800616104
1995.	0.000055662531996310926
1996.	0.00005563466113047674
1997.	0.00005560681816116731
1998.	0.00005557900304652031
1999.	0.00005555121574475714
2000.	0.000055523456214182714