141.63395499998674	1.3382011087992425
141.6339549999838	1.334576626241871
141.63395499998023	1.330961960500315
141.63395499997583	1.3273570849859857
141.63395499997048	1.323761973182311
141.63395499996395	1.320176598644536
141.633954999956	1.3166009349995325
141.63395499994624	1.3130349559456018
141.63395499993433	1.3094786352522838
141.6339549999198	1.3059319467601622
141.63395499990204	1.3023948643806733
141.63395499988036	1.2988673620959132
141.6339549998539	1.295349413958447
141.63395499982155	1.2918409940911173
141.63395499978202	1.2883420766868552
141.6339549997338	1.2848526360084886
141.63395499967484	1.2813726463885549
141.63395499960285	1.2779020822291098
141.63395499951494	1.2744409180015415
141.63395499940754	1.2709891282463817
141.63395499927637	1.2675466875731174
141.63395499911616	1.2641135706600062
141.63395499892047	1.2606897522538887
141.63395499868147	1.2572752071700029
141.63395499838956	1.2538699102917987
141.63395499803298	1.2504738365707544
141.63395499759747	1.247086961026191
141.63395499706556	1.2437092587450886
141.63395499641587	1.2403407048819044
141.63395499562233	1.236981274658389
141.63395499465312	1.2336309433634034
141.6339549934693	1.230289686352739
141.63395499202338	1.226957479048935
141.63395499025737	1.223634296941098
141.6339549881003	1.2203201155847216
141.6339549854657	1.2170149106015073
141.63395498224776	1.2137186576791839
141.63395497831735	1.2104313325713294
141.63395497351675	1.2071529110971928
141.6339549676533	1.2038833691415163
141.63395496049165	1.2006226826543573
141.63395495174439	1.1973708276509116
141.63395494106047	1.194127780211338
141.6339549280111	1.1908935164805807
141.63395491207257	1.187668012668195
141.63395489260517	1.1844512450481723
141.6339548688277	1.181243189958765
141.63395483978576	1.1780438238023125
141.6339548043139	1.1748531230450685
141.63395476098844	1.1716710642170265
141.63395470807066	1.1684976239117484
141.63395464343668	1.1653327787861913
141.6339545644926	1.1621765055605373
141.63395446807004	1.1590287810180202
141.6339543502993	1.1558895820047563
141.63395420645378	1.1527588854295734
141.63395403076044	1.1496366682638415
141.63395381616814	1.1465229075413028
141.6339535540645	1.143417580357903
141.6339532339304	1.1403206638716226
141.63395284291772	1.1372321353023094
141.63395236533376	1.1341519719315107
141.6339517820114	1.1310801511023063
141.63395106953985	1.1280166502191409
141.6339501993251	1.1249614467476594
141.63394913644245	1.1219145182145402
141.63394783823466	1.11887584220733
141.63394625260005	1.1158453963742792
141.63394431590157	1.1128231584241768
141.63394195041272	1.109809106126188
141.6339390611981	1.1068032173096891
141.6339355323034	1.1038054698641044
141.6339312221017	1.1008158417387448
141.63392595760945	1.0978343109426447
141.63391952754407	1.0948608555444004
141.6339116738445	1.0918954536720091
141.63390208131418	1.0889380835127074
141.63389036497117	1.0859887233128114
141.6338760545975	1.0830473513775563
141.63385857586766	1.080113946070937
141.6338372272988	1.0771884858155496
141.63381115209793	1.074270949092431
141.63377930377564	1.0713613144409022
141.63374040414698	1.0684595604584102
141.63369289203325	1.0655656658003694
141.63363486060646	1.0626796091800064
141.63356398086177	1.0598013693682016
141.63347740814606	1.0569309251933345
141.63337166799232	1.0540682555411274
141.63324251667692	1.0512133393544894
141.63308477090402	1.048366155633363
141.63289209978194	1.0455266834345682
141.63265677074202	1.0426949018716496
141.6323693392036	1.0398707901147217
141.63201826952977	1.0370543273903166
141.63158947206185	1.0342454929812301
141.632912	1.0457941309376328
141.63269059724186	1.0430693775074302
141.63242017530237	1.0403298398412186
141.63208988119962	1.037580615540343
141.63168645907152	1.0348275549112407
141.63119371817155	1.0320777595912194
141.63059188307727	1.0293399988889675
141.62985680003317	1.0266249242949477
141.6289589675756	1.0239450581374272
141.6278623525356	1.021316229581117
141.62652294390108	1.0187821269030939
141.62488698650057	1.01625166754276
141.62288882361938	1.0141201570423806
141.620448261965	1.011832936455003
141.6174673532289	1.00982798252814
141.61382646307683	1.0083453226734267
141.6093794698029	1.0062860422166593
141.6039478999526	1.004972050100189
141.59731376555632	1.0043472708956795
141.5892108155067	1.0034020484049713
141.57931384996687	1.002536647876085
141.56722566895908	1.0019365403398106
141.55246113133504	1.0015357493197503
141.53442768435806	1.0012041363310715
141.51240158248126	1.000758468117419
141.48549884089744	1.0006181075441054
141.45263975812486	1.0005362092558545
141.41250558379582	1.0004211123489788
141.36348559257385	1.0002954414814738
141.30361244009035	1.0001987040855558
141.23048320650727	1.000203850954428
141.14116295890676	1.0001645940678263
141.0320669621279	1.0001930098939082
140.89881681075803	1.0001814298409004
140.7360647083496	1.000134456978849
140.53727884157155	1.0001051054197672
140.2944812356056	1.0000844910565452
139.9979275700041	1.0000742143388643
139.6357161048959	1.000050902121202
139.53391200000002	1.0000492694043606
139.31305307204116	1.0000446447597133
139.06896620786364	1.0000390175139062
138.79920850409042	1.0000327392149106
138.50108013495336	1.0000270567429317
138.17159733152974	1.0000253906635899
137.80746251917995	1.0000307598029243
137.405031314312	1.0000174783731413
136.96027605016582	1.0000220631822727
136.46874546657043	1.0000129593741423
135.925520160236	1.000012705554974
135.3251633497125	1.0000184016864857
134.66166646225327	1.0000108025542
133.9283889979996	1.0000089917607036
133.11799206962618	1.000011093581785
132.22236495229006	1.0000063042635092
131.23254390877028	1.0000043266568126
130.13862247737288	1.0000052770333472
128.9296523247328	1.0000031183632083
127.59353367121354	1.000003497638691
126.11689419224564	1.0000034581417112
124.48495518360795	1.0000023865035694
122.68138365118836	1.0000022540860631
120.68812884488909	1.0000019677606997
118.48524160065263	1.0000011179661215
116.05067468252271	1.0000011947426106
113.36006212649646	1.0000007638631325
110.38647537776704	1.0000007497279817
107.1001537806962	1.0000007991367617
103.46820672416956	1.0000006046177592
99.45428446130589	1.0000003664744608
95.01821430897257	1.0000002682170988
90.11559858607035	1.0000003410524676
84.69737026661844	1.0000001692594152
78.70930190046624	1.0000001208913758
72.09146288674613	1.0000000424042026
64.77761966827624	1.0000000260953879
56.69457284385845	1.00000001623586
47.76142456406828	1.0000000298613128
37.888768878386585	1.000000018607473
26.977796930397076	1.000000006751428